1558492031.232132, 3
1558492031.345463, 7
1558492031.370381, 9
1558492031.393441, 15
1558492031.409533, 18
1558492031.425420, 23
1558492031.443611, 26
1558492031.461829, 33
1558492031.482312, 35
1558492031.498333, 42
1558492031.513346, 46
1558492031.529553, 51
1558492031.547507, 55
1558492031.563320, 60
1558492031.578485, 64
1558492031.594294, 67
1558492031.610260, 72
1558492031.627277, 80
1558492031.644227, 81
1558492031.660284, 87
1558492031.677317, 91
1558492031.696319, 95
1558492031.711287, 100
1558492031.730264, 106
1558492031.745226, 112
1558492031.763286, 115
1558492031.779274, 121
1558492031.795238, 124
1558492031.811169, 128
1558492031.828181, 133
1558492031.844110, 137
1558492031.861187, 142
1558492031.877247, 146
1558492031.893518, 149
1558492031.909110, 149
1558492031.925296, 150
1558492031.940204, 150
1558492031.955156, 150
1558492031.970246, 149
1558492031.985170, 149
1558492032.000129, 149
1558492032.015122, 150
1558492032.030144, 150
1558492032.045235, 150
1558492032.060962, 150
1558492032.077243, 150
1558492032.094076, 149
1558492032.115046, 148
1558492032.131029, 150
1558492032.147048, 149
1558492032.163133, 149
1558492032.177965, 149
1558492032.198067, 150
1558492032.214064, 149
1558492032.229029, 149
1558492032.244096, 149
1558492032.259133, 150
1558492032.274069, 150
1558492032.289076, 150
1558492032.304032, 149
1558492032.319132, 150
1558492032.334116, 149
1558492032.349087, 150
1558492032.364022, 149
1558492032.378949, 150
1558492032.394107, 150
1558492032.409552, 150
1558492032.428065, 150
1558492032.445591, 150
1558492032.463220, 149
1558492032.481055, 148
1558492032.498807, 148
1558492032.516503, 147
1558492032.534436, 149
1558492032.552104, 150
1558492032.569750, 149
1558492032.587223, 150
1558492032.609893, 150
1558492032.630481, 149
1558492032.648034, 149
1558492032.665785, 149
1558492032.683264, 149
1558492032.701185, 149
1558492032.718863, 149
1558492032.736323, 149
1558492032.753992, 150
1558492032.771723, 148
1558492032.789363, 148
1558492032.807130, 149
1558492032.824893, 150
1558492032.842584, 149
1558492032.861152, 150
1558492032.878779, 150
1558492032.897103, 150
1558492032.915174, 150
1558492032.933328, 150
1558492032.950801, 150
1558492032.968613, 150
1558492032.986583, 150
1558492033.004990, 150
1558492033.023327, 149
1558492033.041569, 150
1558492033.060170, 149
1558492033.078705, 148
1558492033.097099, 148
1558492033.115689, 148
1558492033.134115, 149
1558492033.151940, 149
1558492033.170282, 147
1558492033.190871, 145
1558492033.211941, 148
1558492033.236126, 149
1558492033.261709, 150
1558492033.286677, 149
1558492033.305521, 149
1558492033.324708, 150
1558492033.343097, 150
1558492033.362456, 148
1558492033.380802, 147
1558492033.398830, 144
1558492033.415437, 149
1558492033.431748, 149
1558492033.447911, 148
1558492033.463869, 148
1558492033.480907, 149
1558492033.498892, 146
1558492033.514972, 146
1558492033.532490, 147
1558492033.548754, 149
1558492033.564754, 150
1558492033.581078, 148
1558492033.597328, 148
1558492033.613246, 148
1558492033.630114, 147
1558492033.646322, 145
1558492033.662551, 149
1558492033.678472, 148
1558492033.694429, 150
1558492033.710721, 149
1558492033.727091, 148
1558492033.743343, 145
1558492033.759528, 145
1558492033.776238, 145
1558492033.793079, 144
1558492033.809293, 145
1558492033.826626, 148
1558492033.842749, 148
1558492033.860985, 148
1558492033.880931, 146
1558492033.896570, 146
1558492033.914319, 149
1558492033.931690, 149
1558492033.949544, 149
1558492033.967724, 149
1558492033.985131, 147
1558492034.002810, 143
1558492034.021235, 145
1558492034.038682, 145
1558492034.056366, 148
1558492034.074983, 145
1558492034.093427, 146
1558492034.111822, 148
1558492034.130080, 147
1558492034.147766, 145
1558492034.165283, 145
1558492034.184081, 149
1558492034.202117, 148
1558492034.220313, 149
1558492034.238336, 148
1558492034.256175, 146
1558492034.274216, 148
1558492034.293196, 146
1558492034.312363, 149
1558492034.332874, 146
1558492034.352573, 146
1558492034.371499, 148
1558492034.392128, 144
1558492034.412917, 144
1558492034.429149, 147
1558492034.446588, 146
1558492034.462450, 148
1558492034.482393, 149
1558492034.498475, 145
1558492034.514544, 144
1558492034.530711, 147
1558492034.547004, 146
1558492034.563686, 149
1558492034.580414, 146
1558492034.596460, 146
1558492034.613371, 147
1558492034.630132, 144
1558492034.648361, 146
1558492034.664367, 148
1558492034.680609, 147
1558492034.696724, 146
1558492034.713684, 143
1558492034.729349, 143
1558492034.745700, 137
1558492034.761847, 133
1558492034.777947, 129
1558492034.794166, 125
1558492034.810251, 122
1558492034.826954, 119
1558492034.843880, 114
1558492034.860570, 112
1558492034.876829, 108
1558492034.893499, 102
1558492034.911168, 98
1558492034.934250, 96
1558492034.956542, 95
1558492034.977711, 93
1558492035.002140, 91
1558492035.021093, 84
1558492035.039402, 78
1558492035.058790, 73
1558492035.094722, 63
1558492035.119789, 57
1558492035.140740, 57
1558492035.159634, 57
1558492035.179399, 58
1558492035.198900, 57
1558492035.219337, 58
1558492035.238876, 57
1558492035.259947, 59
1558492035.284481, 57
1558492035.306933, 55
1558492035.333378, 55
1558492035.359338, 54
1558492035.386059, 53
1558492035.407489, 54
1558492035.435546, 53
1558492035.460719, 55
1558492035.489427, 54
1558492035.511273, 53
1558492035.536813, 55
1558492035.556794, 55
1558492035.574631, 56
1558492035.592774, 55
1558492035.612233, 55
1558492035.638603, 55
1558492035.655510, 55
1558492035.681305, 55
1558492035.698253, 55
1558492035.720488, 54
1558492035.742386, 55
1558492035.760428, 54
1558492035.780809, 55
1558492035.797748, 54
1558492035.816844, 55
1558492035.836322, 54
1558492035.853659, 54
1558492035.870625, 55
1558492035.888186, 56
1558492035.905628, 55
1558492035.925626, 55
1558492035.943981, 55
1558492035.960964, 55
1558492035.978029, 54
1558492035.995162, 57
1558492036.012357, 55
1558492036.028645, 56
1558492036.045951, 55
1558492036.063699, 56
1558492036.080597, 57
1558492036.097578, 56
1558492036.114168, 55
1558492036.130711, 56
1558492036.147373, 57
1558492036.163832, 57
1558492036.180872, 56
1558492036.197309, 58
1558492036.213922, 56
1558492036.231405, 56
1558492036.247993, 55
1558492036.265465, 56
1558492036.286390, 57
1558492036.302833, 57
1558492036.319788, 56
1558492036.336729, 57
1558492036.353766, 58
1558492036.370227, 58
1558492036.386487, 58
1558492036.402691, 59
1558492036.418707, 57
1558492036.434844, 58
1558492036.450712, 58
1558492036.466839, 57
1558492036.482837, 58
1558492036.499323, 57
1558492036.515117, 57
1558492036.531918, 57
1558492036.549955, 57
1558492036.567347, 57
1558492036.584291, 58
1558492036.601271, 57
1558492036.619193, 58
1558492036.635388, 56
1558492036.651031, 56
1558492036.666890, 57
1558492036.682768, 58
1558492036.698798, 57
1558492036.714995, 57
1558492036.731437, 57
1558492036.747900, 58
1558492036.763800, 58
1558492036.780593, 58
1558492036.796817, 60
1558492036.813474, 58
1558492036.829537, 58
1558492036.845621, 57
1558492036.861759, 58
1558492036.884420, 59
1558492036.901495, 59
1558492036.917474, 58
1558492036.933457, 57
1558492036.949780, 58
1558492036.965946, 58
1558492036.982097, 58
1558492036.997767, 59
1558492037.013855, 58
1558492037.030286, 60
1558492037.046489, 59
1558492037.062632, 59
1558492037.080310, 61
1558492037.096614, 60
1558492037.113022, 60
1558492037.129490, 60
1558492037.145792, 60
1558492037.162104, 59
1558492037.178306, 60
1558492037.194450, 60
1558492037.210886, 61
1558492037.227170, 59
1558492037.243722, 60
1558492037.260427, 59
1558492037.276438, 59
1558492037.293198, 61
1558492037.309750, 60
1558492037.325964, 59
1558492037.343012, 61
1558492037.359618, 61
1558492037.375964, 60
1558492037.392600, 62
1558492037.409549, 62
1558492037.427906, 60
1558492037.447190, 60
1558492037.465115, 61
1558492037.488764, 60
1558492037.507148, 61
1558492037.525049, 60
1558492037.543421, 60
1558492037.561885, 61
1558492037.580231, 61
1558492037.598338, 61
1558492037.616199, 61
1558492037.636242, 60
1558492037.657547, 62
1558492037.677479, 62
1558492037.696792, 61
1558492037.717027, 63
1558492037.736809, 61
1558492037.754699, 61
1558492037.773030, 62
1558492037.791363, 63
1558492037.809486, 62
1558492037.828176, 61
1558492037.846394, 62
1558492037.865093, 61
1558492037.883121, 62
1558492037.900981, 63
1558492037.917188, 61
1558492037.933152, 62
1558492037.949191, 60
1558492037.965003, 62
1558492037.981153, 62
1558492037.997123, 63
1558492038.013542, 63
1558492038.029554, 62
1558492038.045949, 62
1558492038.062261, 62
1558492038.085046, 61
1558492038.100860, 63
1558492038.116796, 63
1558492038.133010, 61
1558492038.148924, 63
1558492038.164903, 62
1558492038.180665, 62
1558492038.197072, 63
1558492038.212909, 63
1558492038.229287, 62
1558492038.245919, 62
1558492038.261982, 62
1558492038.278080, 62
1558492038.294951, 64
1558492038.311377, 65
1558492038.328385, 64
1558492038.345340, 62
1558492038.361951, 63
1558492038.378430, 63
1558492038.395100, 63
1558492038.411573, 64
1558492038.430947, 63
1558492038.448777, 63
1558492038.466287, 63
1558492038.484653, 64
1558492038.502521, 64
1558492038.523395, 63
1558492038.541115, 64
1558492038.559615, 63
1558492038.577361, 62
1558492038.595718, 65
1558492038.614536, 64
1558492038.632714, 65
1558492038.651278, 64
1558492038.671562, 63
1558492038.693707, 65
1558492038.711872, 65
1558492038.729895, 65
1558492038.750858, 65
1558492038.769816, 65
1558492038.788724, 65
1558492038.808237, 66
1558492038.828524, 66
1558492038.848379, 63
1558492038.867135, 64
1558492038.884596, 65
1558492038.902215, 65
1558492038.918150, 66
1558492038.934609, 66
1558492038.952513, 65
1558492038.968972, 66
1558492038.987653, 66
1558492039.004384, 66
1558492039.021537, 66
1558492039.038468, 67
1558492039.055854, 65
1558492039.072314, 64
1558492039.088750, 65
1558492039.106264, 67
1558492039.122675, 66
1558492039.139692, 66
1558492039.156137, 65
1558492039.173589, 65
1558492039.191104, 66
1558492039.208286, 67
1558492039.225537, 66
1558492039.242966, 66
1558492039.262042, 66
1558492039.285443, 66
1558492039.303362, 67
1558492039.319816, 68
1558492039.335945, 67
1558492039.352832, 66
1558492039.369235, 66
1558492039.385283, 66
1558492039.401171, 66
1558492039.417140, 67
1558492039.434665, 67
1558492039.451098, 66
1558492039.469052, 67
1558492039.485710, 66
1558492039.502039, 68
1558492039.518959, 68
1558492039.534928, 68
1558492039.554396, 67
1558492039.572930, 66
1558492039.590831, 66
1558492039.607298, 67
1558492039.623383, 67
1558492039.640238, 69
1558492039.658312, 68
1558492039.675257, 67
1558492039.693295, 68
1558492039.709956, 68
1558492039.726035, 68
1558492039.742044, 67
1558492039.758557, 68
1558492039.775161, 67
1558492039.791647, 67
1558492039.808209, 69
1558492039.824327, 67
1558492039.840839, 68
1558492039.856761, 67
1558492039.875200, 68
1558492039.898063, 69
1558492039.914495, 68
1558492039.931853, 68
1558492039.948301, 69
1558492039.963894, 67
1558492039.979268, 67
1558492039.995377, 68
1558492040.010912, 70
1558492040.026087, 69
1558492040.041745, 68
1558492040.057093, 67
1558492040.072342, 69
1558492040.087427, 68
1558492040.102521, 69
1558492040.117666, 69
1558492040.132921, 69
1558492040.147945, 69
1558492040.163687, 69
1558492040.179325, 67
1558492040.195154, 68
1558492040.210530, 70
1558492040.226250, 69
1558492040.241974, 69
1558492040.257730, 67
1558492040.273826, 69
1558492040.288957, 68
1558492040.304541, 69
1558492040.320010, 70
1558492040.335540, 71
1558492040.350953, 70
1558492040.366465, 69
1558492040.381445, 69
1558492040.396944, 70
1558492040.413431, 70
1558492040.430869, 70
1558492040.448631, 70
1558492040.466163, 69
1558492040.492305, 69
1558492040.510885, 70
1558492040.529979, 71
1558492040.548224, 70
1558492040.566182, 69
1558492040.584301, 69
1558492040.602485, 70
1558492040.620285, 70
1558492040.637991, 71
1558492040.656795, 70
1558492040.675135, 69
1558492040.696311, 70
1558492040.714800, 72
1558492040.732555, 71
1558492040.750693, 71
1558492040.768773, 71
1558492040.786542, 71
1558492040.804673, 71
1558492040.822971, 71
1558492040.840848, 72
1558492040.858889, 71
1558492040.877385, 71
1558492040.895602, 71
1558492040.913885, 71
1558492040.930039, 71
1558492040.946979, 72
1558492040.971348, 70
1558492040.989317, 70
1558492041.006309, 72
1558492041.024810, 72
1558492041.042414, 71
1558492041.058503, 72
1558492041.075592, 71
1558492041.095969, 72
1558492041.112453, 73
1558492041.129578, 73
1558492041.146363, 71
1558492041.162862, 72
1558492041.179221, 71
1558492041.195771, 71
1558492041.212147, 73
1558492041.229062, 73
1558492041.245813, 72
1558492041.262249, 72
1558492041.278732, 72
1558492041.295174, 72
1558492041.311471, 73
1558492041.328007, 72
1558492041.346981, 73
1558492041.363442, 72
1558492041.380900, 71
1558492041.397793, 72
1558492041.414590, 72
1558492041.430670, 74
1558492041.446817, 73
1558492041.462603, 73
1558492041.479609, 73
1558492041.495845, 72
1558492041.512113, 73
1558492041.530054, 73
1558492041.547089, 73
1558492041.563263, 74
1558492041.579421, 72
1558492041.596044, 73
1558492041.613226, 74
1558492041.630477, 74
1558492041.650793, 74
1558492041.666750, 73
1558492041.682751, 72
1558492041.698385, 72
1558492041.714446, 73
1558492041.730904, 73
1558492041.746872, 73
1558492041.762800, 73
1558492041.779085, 74
1558492041.795351, 73
1558492041.811957, 74
1558492041.828925, 75
1558492041.845880, 74
1558492041.862084, 75
1558492041.878170, 75
1558492041.895492, 73
1558492041.912665, 74
1558492041.932213, 74
1558492041.950725, 74
1558492041.968217, 74
1558492041.986321, 74
1558492042.004340, 74
1558492042.022416, 74
1558492042.040313, 74
1558492042.060299, 74
1558492042.080815, 73
1558492042.099941, 74
1558492042.119057, 74
1558492042.137120, 75
1558492042.157807, 75
1558492042.176027, 74
1558492042.193950, 75
1558492042.212436, 75
1558492042.230765, 74
1558492042.248357, 75
1558492042.266583, 75
1558492042.285554, 74
1558492042.303639, 74
1558492042.321417, 76
1558492042.339386, 75
1558492042.357128, 75
1558492042.375731, 76
1558492042.395089, 75
1558492042.413615, 73
1558492042.430077, 76
1558492042.446134, 75
1558492042.462052, 76
1558492042.478540, 76
1558492042.494635, 75
1558492042.511257, 75
1558492042.528012, 76
1558492042.544323, 77
1558492042.561350, 76
1558492042.578116, 77
1558492042.594801, 76
1558492042.611527, 75
1558492042.628941, 76
1558492042.645048, 76
1558492042.661555, 76
1558492042.678250, 77
1558492042.695119, 76
1558492042.712923, 74
1558492042.729525, 76
1558492042.747495, 76
1558492042.764447, 77
1558492042.780604, 77
1558492042.798329, 76
1558492042.817849, 77
1558492042.839843, 76
1558492042.856289, 76
1558492042.873330, 77
1558492042.889837, 76
1558492042.906200, 74
1558492042.924146, 78
1558492042.942120, 77
1558492042.960566, 78
1558492042.980624, 77
1558492042.996559, 77
1558492043.013518, 77
1558492043.033484, 77
1558492043.052392, 77
1558492043.068926, 77
1558492043.085868, 78
1558492043.102348, 77
1558492043.118430, 77
1558492043.134740, 77
1558492043.150703, 77
1558492043.167554, 78
1558492043.189860, 78
1558492043.215149, 77
1558492043.235613, 79
1558492043.258555, 77
1558492043.275527, 77
1558492043.292482, 77
1558492043.308920, 77
1558492043.326070, 77
1558492043.344365, 78
1558492043.361406, 78
1558492043.381359, 78
1558492043.397781, 79
1558492043.414540, 77
1558492043.430773, 76
1558492043.448172, 79
1558492043.464156, 78
1558492043.480218, 78
1558492043.496859, 77
1558492043.512652, 78
1558492043.530215, 78
1558492043.546492, 78
1558492043.563016, 78
1558492043.579690, 79
1558492043.596350, 78
1558492043.613016, 77
1558492043.628920, 78
1558492043.645778, 78
1558492043.661981, 79
1558492043.678427, 79
1558492043.695451, 79
1558492043.712051, 78
1558492043.728478, 79
1558492043.745021, 78
1558492043.762515, 79
1558492043.778652, 79
1558492043.794706, 80
1558492043.811319, 79
1558492043.827644, 80
1558492043.844031, 79
1558492043.860861, 80
1558492043.877352, 80
1558492043.894164, 80
1558492043.910464, 79
1558492043.928627, 78
1558492043.944662, 79
1558492043.961088, 79
1558492043.978279, 80
1558492043.994289, 79
1558492044.011084, 80
1558492044.027564, 79
1558492044.043880, 78
1558492044.060440, 80
1558492044.076554, 80
1558492044.093581, 80
1558492044.110022, 81
1558492044.126650, 81
1558492044.143990, 80
1558492044.160345, 78
1558492044.176967, 80
1558492044.193952, 80
1558492044.210303, 80
1558492044.226581, 81
1558492044.242764, 79
1558492044.258998, 80
1558492044.280146, 81
1558492044.298266, 81
1558492044.315014, 81
1558492044.332150, 82
1558492044.349603, 82
1558492044.366261, 81
1558492044.382834, 81
1558492044.398775, 83
1558492044.416164, 82
1558492044.433744, 82
1558492044.451628, 82
1558492044.470472, 80
1558492044.488910, 81
1558492044.507368, 82
1558492044.525759, 81
1558492044.543905, 82
1558492044.562224, 81
1558492044.580831, 80
1558492044.598638, 81
1558492044.616146, 81
1558492044.633984, 81
1558492044.651865, 82
1558492044.669762, 81
1558492044.688061, 80
1558492044.705870, 81
1558492044.726070, 82
1558492044.743750, 82
1558492044.762227, 82
1558492044.780135, 83
1558492044.798883, 81
1558492044.818481, 82
1558492044.836505, 82
1558492044.854600, 81
1558492044.871999, 82
1558492044.889938, 81
1558492044.908437, 82
1558492044.926076, 83
1558492044.942117, 83
1558492044.958504, 81
1558492044.974719, 82
1558492044.991009, 81
1558492045.007602, 82
1558492045.023891, 82
1558492045.039904, 83
1558492045.055959, 82
1558492045.072351, 82
1558492045.088563, 80
1558492045.104334, 82
1558492045.120444, 82
1558492045.136094, 82
1558492045.152007, 82
1558492045.167863, 83
1558492045.184256, 83
1558492045.200565, 83
1558492045.216640, 83
1558492045.232823, 82
1558492045.249095, 83
1558492045.265554, 84
1558492045.281616, 84
1558492045.297681, 81
1558492045.314064, 84
1558492045.330768, 83
1558492045.348097, 82
1558492045.365547, 83
1558492045.383026, 84
1558492045.401466, 83
1558492045.419925, 84
1558492045.438887, 83
1558492045.459535, 83
1558492045.477445, 84
1558492045.495485, 82
1558492045.514365, 84
1558492045.531960, 84
1558492045.550277, 83
1558492045.568477, 83
1558492045.586594, 85
1558492045.604359, 84
1558492045.622125, 84
1558492045.640091, 85
1558492045.658141, 84
1558492045.676669, 83
1558492045.695195, 84
1558492045.713943, 84
1558492045.731974, 83
1558492045.749565, 84
1558492045.767531, 83
1558492045.786818, 84
1558492045.804758, 84
1558492045.822753, 84
1558492045.840406, 85
1558492045.858281, 84
1558492045.878871, 84
1558492045.897965, 85
1558492045.914999, 85
1558492045.936902, 84
1558492045.953915, 84
1558492045.970314, 84
1558492045.986369, 84
1558492046.002787, 84
1558492046.019426, 85
1558492046.035556, 86
1558492046.052182, 85
1558492046.068129, 85
1558492046.084288, 85
1558492046.100021, 85
1558492046.115801, 86
1558492046.131910, 85
1558492046.148252, 86
1558492046.164814, 84
1558492046.180585, 86
1558492046.197363, 85
1558492046.213465, 85
1558492046.229923, 86
1558492046.245932, 84
1558492046.262402, 85
1558492046.278861, 85
1558492046.295326, 85
1558492046.311502, 84
1558492046.330317, 85
1558492046.346634, 86
1558492046.362910, 86
1558492046.379318, 85
1558492046.395353, 85
1558492046.412247, 85
1558492046.428913, 86
1558492046.445043, 86
1558492046.461140, 87
1558492046.482588, 86
1558492046.505624, 85
1558492046.527322, 85
1558492046.551543, 86
1558492046.571455, 86
1558492046.587682, 86
1558492046.604344, 86
1558492046.623713, 86
1558492046.642614, 86
1558492046.664311, 87
1558492046.681429, 87
1558492046.698116, 86
1558492046.714281, 87
1558492046.731411, 86
1558492046.748525, 86
1558492046.769203, 87
1558492046.786126, 87
1558492046.802616, 86
1558492046.822639, 87
1558492046.845251, 86
1558492046.863616, 87
1558492046.880278, 87
1558492046.901828, 87
1558492046.917993, 87
1558492046.934688, 88
1558492046.950855, 87
1558492046.967077, 87
1558492046.985916, 87
1558492047.005281, 87
1558492047.021528, 87
1558492047.038651, 88
1558492047.055965, 88
1558492047.072063, 87
1558492047.088933, 87
1558492047.109360, 87
1558492047.127672, 88
1558492047.147074, 88
1558492047.165860, 87
1558492047.183062, 87
1558492047.200294, 88
1558492047.220858, 87
1558492047.236540, 87
1558492047.253099, 87
1558492047.269330, 88
1558492047.287069, 87
1558492047.304857, 88
1558492047.321015, 88
1558492047.339310, 88
1558492047.355830, 88
1558492047.371867, 89
1558492047.387992, 88
1558492047.403879, 88
1558492047.419980, 87
1558492047.435832, 89
1558492047.451850, 87
1558492047.467763, 88
1558492047.483760, 87
1558492047.499746, 88
1558492047.515816, 87
1558492047.531979, 87
1558492047.547705, 88
1558492047.563652, 88
1558492047.579598, 88
1558492047.598883, 89
1558492047.616167, 89
1558492047.632598, 88
1558492047.648597, 88
1558492047.666648, 88
1558492047.682672, 87
1558492047.698731, 88
1558492047.714998, 87
1558492047.730592, 88
1558492047.747662, 88
1558492047.763640, 89
1558492047.779630, 89
1558492047.796778, 89
1558492047.814782, 89
1558492047.830640, 89
1558492047.847484, 89
1558492047.863688, 89
1558492047.879544, 90
1558492047.895655, 89
1558492047.911549, 90
1558492047.930644, 88
1558492047.947736, 90
1558492047.965658, 89
1558492047.982767, 90
1558492048.000577, 89
1558492048.017693, 90
1558492048.035491, 90
1558492048.052687, 89
1558492048.070469, 89
1558492048.087478, 89
1558492048.105573, 89
1558492048.123557, 89
1558492048.141631, 89
1558492048.159494, 89
1558492048.178633, 90
1558492048.196407, 90
1558492048.214458, 90
1558492048.232391, 89
1558492048.250514, 91
1558492048.268369, 90
1558492048.286509, 89
1558492048.304354, 89
1558492048.322516, 91
1558492048.339803, 89
1558492048.357460, 90
1558492048.375445, 90
1558492048.394429, 90
1558492048.412586, 90
1558492048.430515, 91
1558492048.448453, 91
1558492048.466157, 91
1558492048.484154, 90
1558492048.502481, 90
1558492048.520753, 90
1558492048.538771, 91
1558492048.557912, 91
1558492048.576273, 90
1558492048.593890, 91
1558492048.612492, 91
1558492048.630485, 90
1558492048.648827, 91
1558492048.666335, 91
1558492048.684579, 91
1558492048.704031, 91
1558492048.724841, 91
1558492048.747814, 92
1558492048.767597, 91
1558492048.787821, 91
1558492048.805458, 92
1558492048.823055, 91
1558492048.841405, 91
1558492048.860791, 91
1558492048.878979, 90
1558492048.897271, 91
1558492048.914230, 91
1558492048.931299, 92
1558492048.947696, 91
1558492048.963619, 91
1558492048.979671, 91
1558492048.996123, 91
1558492049.012336, 91
1558492049.028734, 91
1558492049.045056, 90
1558492049.061270, 90
1558492049.077795, 91
1558492049.094057, 92
1558492049.110302, 92
1558492049.126692, 92
1558492049.142793, 93
1558492049.159136, 92
1558492049.175494, 92
1558492049.192585, 92
1558492049.208734, 92
1558492049.225207, 91
1558492049.241064, 93
1558492049.257332, 92
1558492049.273109, 92
1558492049.289860, 91
1558492049.306205, 91
1558492049.322240, 91
1558492049.338004, 92
1558492049.354347, 92
1558492049.370050, 91
1558492049.385971, 92
1558492049.402565, 92
1558492049.420117, 92
1558492049.437761, 94
1558492049.455547, 92
1558492049.472904, 93
1558492049.490737, 93
1558492049.508269, 92
1558492049.526267, 92
1558492049.544539, 94
1558492049.562519, 94
1558492049.580371, 93
1558492049.598844, 93
1558492049.616682, 93
1558492049.634330, 94
1558492049.652005, 94
1558492049.669356, 94
1558492049.687126, 93
1558492049.704764, 93
1558492049.722371, 93
1558492049.740099, 94
1558492049.757816, 93
1558492049.776481, 93
1558492049.795271, 93
1558492049.816301, 93
1558492049.837327, 93
1558492049.856901, 94
1558492049.876864, 93
1558492049.897149, 94
1558492049.914705, 94
1558492049.931130, 93
1558492049.947033, 94
1558492049.962960, 92
1558492049.979460, 93
1558492049.995214, 93
1558492050.011626, 93
1558492050.027844, 94
1558492050.043958, 96
1558492050.060314, 94
1558492050.076838, 94
1558492050.093064, 93
1558492050.109211, 94
1558492050.125154, 94
1558492050.141601, 93
1558492050.158093, 95
1558492050.175228, 94
1558492050.191643, 94
1558492050.208067, 94
1558492050.223901, 94
1558492050.240171, 95
1558492050.256151, 95
1558492050.272049, 94
1558492050.287975, 94
1558492050.304036, 95
1558492050.320304, 94
1558492050.336197, 95
1558492050.352560, 96
1558492050.369622, 95
1558492050.390292, 95
1558492050.410573, 95
1558492050.433507, 95
1558492050.452135, 95
1558492050.470778, 95
1558492050.492211, 96
1558492050.511930, 95
1558492050.530511, 96
1558492050.552452, 97
1558492050.573948, 95
1558492050.596339, 95
1558492050.615966, 95
1558492050.641781, 95
1558492050.664017, 96
1558492050.683444, 94
1558492050.707652, 96
1558492050.726370, 97
1558492050.748068, 96
1558492050.766082, 95
1558492050.790314, 96
1558492050.812663, 95
1558492050.831398, 95
1558492050.851002, 97
1558492050.870195, 96
1558492050.888399, 96
1558492050.907429, 96
1558492050.935719, 95
1558492050.961676, 97
1558492050.984127, 96
1558492051.004446, 95
1558492051.027754, 96
1558492051.046576, 97
1558492051.065747, 97
1558492051.086600, 97
1558492051.104186, 96
1558492051.121755, 96
1558492051.144086, 96
1558492051.163350, 97
1558492051.181337, 96
1558492051.199264, 96
1558492051.217549, 97
1558492051.236702, 97
1558492051.254788, 98
1558492051.272492, 98
1558492051.291474, 96
1558492051.309000, 96
1558492051.327163, 98
1558492051.345401, 97
1558492051.362800, 97
1558492051.381955, 98
1558492051.399163, 97
1558492051.416872, 96
1558492051.433885, 97
1558492051.450891, 96
1558492051.467864, 98
1558492051.485181, 97
1558492051.502628, 97
1558492051.519719, 97
1558492051.536854, 98
1558492051.554019, 98
1558492051.570927, 98
1558492051.587905, 97
1558492051.605227, 97
1558492051.622285, 97
1558492051.639581, 97
1558492051.658910, 98
1558492051.676349, 98
1558492051.694468, 97
1558492051.713122, 98
1558492051.730672, 98
1558492051.747876, 97
1558492051.765096, 99
1558492051.782365, 98
1558492051.799535, 98
1558492051.816765, 99
1558492051.833828, 98
1558492051.851021, 97
1558492051.867933, 100
1558492051.885365, 98
1558492051.902584, 97
1558492051.918705, 97
1558492051.934846, 98
1558492051.951044, 98
1558492051.967084, 99
1558492051.983218, 98
1558492051.999447, 98
1558492052.015406, 99
1558492052.031567, 98
1558492052.051046, 98
1558492052.070153, 98
1558492052.090316, 98
1558492052.108469, 98
1558492052.127365, 99
1558492052.143976, 99
1558492052.160022, 99
1558492052.176889, 100
1558492052.193468, 100
1558492052.209800, 99
1558492052.226442, 99
1558492052.242699, 99
1558492052.259195, 99
1558492052.275570, 99
1558492052.293080, 99
1558492052.309394, 99
1558492052.325357, 98
1558492052.341639, 98
1558492052.357999, 100
1558492052.373861, 100
1558492052.389965, 99
1558492052.406178, 97
1558492052.421861, 100
1558492052.438280, 99
1558492052.454873, 100
1558492052.470633, 100
1558492052.486810, 100
1558492052.502906, 98
1558492052.519001, 99
1558492052.535578, 98
1558492052.551668, 99
1558492052.567738, 101
1558492052.584436, 99
1558492052.600367, 98
1558492052.616336, 99
1558492052.632565, 99
1558492052.648554, 99
1558492052.664832, 99
1558492052.680642, 101
1558492052.696995, 99
1558492052.714204, 99
1558492052.730809, 99
1558492052.747389, 100
1558492052.763669, 99
1558492052.780110, 100
1558492052.796670, 102
1558492052.813108, 100
1558492052.829722, 99
1558492052.846147, 101
1558492052.862261, 99
1558492052.878615, 101
1558492052.895612, 100
1558492052.912734, 100
1558492052.932612, 101
1558492052.950542, 100
1558492052.969049, 101
1558492052.986892, 101
1558492053.005025, 100
1558492053.022685, 100
1558492053.040766, 100
1558492053.058573, 100
1558492053.076431, 101
1558492053.094798, 101
1558492053.112981, 100
1558492053.131428, 100
1558492053.150592, 101
1558492053.169712, 101
1558492053.190201, 102
1558492053.211821, 100
1558492053.231443, 102
1558492053.249962, 101
1558492053.267711, 101
1558492053.285680, 103
1558492053.303616, 101
1558492053.321919, 100
1558492053.340111, 101
1558492053.358324, 101
1558492053.377066, 101
1558492053.395457, 103
1558492053.413649, 101
1558492053.429934, 101
1558492053.446158, 101
1558492053.462257, 101
1558492053.478773, 103
1558492053.494858, 102
1558492053.510837, 101
1558492053.527184, 101
1558492053.544173, 101
1558492053.560128, 101
1558492053.577525, 102
1558492053.594155, 101
1558492053.610257, 101
1558492053.627338, 101
1558492053.643914, 102
1558492053.660799, 101
1558492053.676756, 104
1558492053.693433, 103
1558492053.712873, 102
1558492053.729033, 102
1558492053.745751, 102
1558492053.761859, 101
1558492053.778029, 104
1558492053.794199, 104
1558492053.810954, 101
1558492053.827675, 102
1558492053.844079, 102
1558492053.861004, 101
1558492053.877739, 104
1558492053.893790, 104
1558492053.910892, 102
1558492053.932047, 103
1558492053.956301, 102
1558492053.974438, 103
1558492053.993030, 103
1558492054.012094, 102
1558492054.029977, 103
1558492054.049071, 103
1558492054.067021, 102
1558492054.085103, 104
1558492054.102926, 103
1558492054.121098, 102
1558492054.139085, 103
1558492054.157299, 102
1558492054.175301, 103
1558492054.193578, 103
1558492054.211488, 104
1558492054.229694, 103
1558492054.249118, 104
1558492054.276773, 104
1558492054.299125, 104
1558492054.319179, 103
1558492054.339246, 103
1558492054.360919, 104
1558492054.380753, 105
1558492054.400216, 104
1558492054.417628, 102
1558492054.433193, 103
1558492054.448835, 103
1558492054.464509, 103
1558492054.480623, 104
1558492054.496620, 103
1558492054.512701, 103
1558492054.528839, 103
1558492054.548003, 103
1558492054.565467, 103
1558492054.581100, 104
1558492054.597196, 104
1558492054.613762, 104
1558492054.629963, 103
1558492054.649104, 103
1558492054.665602, 103
1558492054.681254, 104
1558492054.696880, 106
1558492054.717519, 104
1558492054.737260, 102
1558492054.753063, 104
1558492054.770733, 104
1558492054.786889, 105
1558492054.809479, 105
1558492054.827648, 104
1558492054.846251, 103
1558492054.864822, 104
1558492054.881822, 105
1558492054.901677, 104
1558492054.923060, 104
1558492054.938657, 104
1558492054.956354, 104
1558492054.974463, 104
1558492054.990973, 105
1558492055.006573, 105
1558492055.022723, 105
1558492055.038293, 104
1558492055.054440, 104
1558492055.070084, 104
1558492055.085768, 105
1558492055.100720, 105
1558492055.116327, 105
1558492055.131543, 104
1558492055.146514, 104
1558492055.162184, 103
1558492055.177758, 104
1558492055.193173, 105
1558492055.208781, 105
1558492055.224387, 104
1558492055.240102, 106
1558492055.255072, 105
1558492055.270820, 105
1558492055.285856, 105
1558492055.301033, 106
1558492055.316266, 106
1558492055.331775, 104
1558492055.348398, 105
1558492055.365028, 105
1558492055.387768, 105
1558492055.409957, 107
1558492055.427310, 105
1558492055.444101, 105
1558492055.462015, 106
1558492055.477988, 105
1558492055.494144, 105
1558492055.509647, 107
1558492055.524899, 107
1558492055.540197, 105
1558492055.555378, 106
1558492055.570676, 105
1558492055.585871, 106
1558492055.601342, 105
1558492055.616538, 106
1558492055.631602, 106
1558492055.646823, 105
1558492055.662321, 105
1558492055.677992, 105
1558492055.693828, 106
1558492055.709234, 105
1558492055.724772, 106
1558492055.740247, 106
1558492055.755515, 106
1558492055.771056, 106
1558492055.786760, 107
1558492055.802135, 107
1558492055.817540, 107
1558492055.832641, 106
1558492055.847804, 106
1558492055.863642, 105
1558492055.879486, 105
1558492055.895034, 107
1558492055.910799, 107
1558492055.933400, 105
1558492055.952465, 106
1558492055.972093, 106
1558492055.990565, 106
1558492056.008878, 108
1558492056.027409, 108
1558492056.045750, 106
1558492056.065905, 106
1558492056.083815, 106
1558492056.101298, 107
1558492056.119734, 107
1558492056.137853, 106
1558492056.155719, 107
1558492056.174345, 106
1558492056.192729, 107
1558492056.210765, 107
1558492056.229192, 107
1558492056.247250, 106
1558492056.265659, 107
1558492056.283752, 107
1558492056.302961, 107
1558492056.321072, 108
1558492056.339392, 107
1558492056.357210, 107
1558492056.375600, 107
1558492056.393858, 109
1558492056.411902, 108
1558492056.428034, 108
1558492056.444591, 108
1558492056.460577, 107
1558492056.479719, 107
1558492056.502309, 108
1558492056.519629, 108
1558492056.536504, 108
1558492056.554850, 107
1558492056.570745, 106
1558492056.587059, 107
1558492056.603622, 109
1558492056.619509, 108
1558492056.635347, 107
1558492056.651024, 108
1558492056.667448, 107
1558492056.683322, 107
1558492056.699240, 108
1558492056.715219, 108
1558492056.732154, 109
1558492056.748629, 106
1558492056.764534, 108
1558492056.780374, 107
1558492056.797008, 109
1558492056.813360, 109
1558492056.829670, 109
1558492056.846202, 108
1558492056.862452, 108
1558492056.879086, 108
1558492056.895562, 109
1558492056.912840, 109
1558492056.929924, 110
1558492056.947066, 109
1558492056.963769, 109
1558492056.980328, 108
1558492056.997339, 109
1558492057.014934, 109
1558492057.037536, 109
1558492057.055093, 108
1558492057.074702, 108
1558492057.094951, 109
1558492057.118576, 108
1558492057.140171, 109
1558492057.157292, 109
1558492057.177941, 108
1558492057.196065, 109
1558492057.218196, 110
1558492057.234821, 109
1558492057.251845, 108
1558492057.269451, 108
1558492057.289488, 108
1558492057.306298, 109
1558492057.323367, 109
1558492057.343958, 109
1558492057.362601, 110
1558492057.384047, 110
1558492057.400806, 110
1558492057.418019, 110
1558492057.434486, 110
1558492057.451488, 109
1558492057.467743, 108
1558492057.483680, 110
1558492057.500104, 109
1558492057.515886, 110
1558492057.531982, 110
1558492057.548136, 110
1558492057.564966, 109
1558492057.583219, 110
1558492057.601262, 111
1558492057.618876, 110
1558492057.636134, 110
1558492057.653127, 108
1558492057.669437, 109
1558492057.685182, 109
1558492057.701613, 110
1558492057.717650, 111
1558492057.733813, 110
1558492057.749833, 109
1558492057.765491, 109
1558492057.782063, 109
1558492057.798200, 109
1558492057.814389, 110
1558492057.830163, 110
1558492057.846889, 110
1558492057.863576, 109
1558492057.880215, 110
1558492057.897045, 110
1558492057.913512, 110
1558492057.929840, 111
1558492057.945891, 111
1558492057.962507, 110
1558492057.979181, 110
1558492057.995511, 109
1558492058.011706, 112
1558492058.027936, 111
1558492058.044661, 111
1558492058.060733, 110
1558492058.076772, 110
1558492058.094347, 110
1558492058.113440, 111
1558492058.131640, 112
1558492058.149657, 110
1558492058.171780, 111
1558492058.189824, 110
1558492058.206895, 111
1558492058.224091, 111
1558492058.240966, 111
1558492058.261271, 110
1558492058.282897, 110
1558492058.307019, 112
1558492058.330207, 112
1558492058.353249, 111
1558492058.369520, 110
1558492058.391992, 110
1558492058.414156, 111
1558492058.433734, 112
1558492058.449827, 112
1558492058.465411, 111
1558492058.481254, 111
1558492058.496723, 111
1558492058.512793, 112
1558492058.528798, 113
1558492058.544982, 112
1558492058.563043, 111
1558492058.584735, 111
1558492058.604359, 112
1558492058.624921, 113
1558492058.640520, 112
1558492058.656630, 113
1558492058.679236, 111
1558492058.699479, 111
1558492058.717895, 112
1558492058.736608, 112
1558492058.753673, 112
1558492058.768775, 111
1558492058.785852, 111
1558492058.802500, 111
1558492058.817651, 113
1558492058.834643, 112
1558492058.850429, 112
1558492058.866127, 112
1558492058.881250, 111
1558492058.896686, 111
1558492058.912366, 111
1558492058.928111, 113
1558492058.943844, 113
1558492058.960020, 111
1558492058.975569, 113
1558492058.991302, 112
1558492059.006342, 113
1558492059.022089, 114
1558492059.037197, 113
1558492059.052431, 114
1558492059.067632, 114
1558492059.082935, 112
1558492059.098015, 112
1558492059.113748, 114
1558492059.129123, 113
1558492059.144563, 112
1558492059.160054, 113
1558492059.175840, 112
1558492059.190904, 112
1558492059.205982, 113
1558492059.221240, 113
1558492059.236809, 113
1558492059.251865, 114
1558492059.267054, 113
1558492059.282187, 112
1558492059.298170, 111
1558492059.313499, 113
1558492059.329313, 113
1558492059.344953, 113
1558492059.360426, 112
1558492059.376077, 112
1558492059.391212, 113
1558492059.406454, 112
1558492059.423842, 113
1558492059.443254, 113
1558492059.461278, 113
1558492059.479472, 113
1558492059.498291, 112
1558492059.515860, 113
1558492059.534064, 114
1558492059.551690, 114
1558492059.569812, 114
1558492059.588059, 114
1558492059.605978, 113
1558492059.623651, 115
1558492059.642117, 116
1558492059.660916, 117
1558492059.679779, 115
1558492059.697974, 115
1558492059.715872, 116
1558492059.733929, 116
1558492059.752929, 116
1558492059.773397, 116
1558492059.793792, 115
1558492059.812813, 115
1558492059.832430, 116
1558492059.852249, 117
1558492059.870302, 117
1558492059.888090, 113
1558492059.906550, 114
1558492059.922485, 114
1558492059.938654, 114
1558492059.954735, 113
1558492059.970866, 114
1558492059.987543, 114
1558492060.003705, 113
1558492060.020267, 114
1558492060.036132, 114
1558492060.052350, 114
1558492060.068133, 115
1558492060.084235, 113
1558492060.100203, 114
1558492060.116656, 114
1558492060.133239, 115
1558492060.149797, 115
1558492060.165905, 115
1558492060.182778, 113
1558492060.199004, 114
1558492060.214989, 114
1558492060.231276, 114
1558492060.247413, 115
1558492060.263629, 114
1558492060.279955, 115
1558492060.296808, 114
1558492060.313244, 113
1558492060.330093, 116
1558492060.348415, 114
1558492060.364715, 116
1558492060.381080, 116
1558492060.397270, 114
1558492060.413989, 114
1558492060.432641, 115
1558492060.450182, 116
1558492060.467828, 116
1558492060.485790, 115
1558492060.503935, 115
1558492060.521812, 114
1558492060.539618, 116
1558492060.557540, 116
1558492060.575273, 115
1558492060.593133, 114
1558492060.612336, 115
1558492060.630098, 115
1558492060.648818, 116
1558492060.666365, 116
1558492060.683775, 117
1558492060.702068, 115
1558492060.719676, 114
1558492060.738111, 117
1558492060.756139, 117
1558492060.774197, 116
1558492060.792347, 116
1558492060.810679, 115
1558492060.828776, 116
1558492060.846661, 116
1558492060.865556, 117
1558492060.884570, 116
1558492060.903455, 115
1558492060.920579, 115
1558492060.937666, 116
1558492060.955497, 116
1558492060.971497, 116
1558492060.988024, 115
1558492061.003854, 116
1558492061.019926, 115
1558492061.035982, 117
1558492061.052238, 117
1558492061.068833, 117
1558492061.085123, 116
1558492061.100912, 115
1558492061.116989, 115
1558492061.133035, 117
1558492061.149218, 117
1558492061.165306, 117
1558492061.181522, 116
1558492061.197702, 116
1558492061.213832, 116
1558492061.229957, 118
1558492061.246117, 117
1558492061.262249, 117
1558492061.278440, 117
1558492061.295044, 117
1558492061.311340, 117
1558492061.327879, 116
1558492061.344531, 117
1558492061.360752, 117
1558492061.376860, 117
1558492061.393925, 118
1558492061.410151, 117
1558492061.428416, 116
1558492061.447030, 118
1558492061.465335, 117
1558492061.483411, 117
1558492061.500816, 116
1558492061.518320, 117
1558492061.536599, 118
1558492061.554916, 117
1558492061.572351, 117
1558492061.590118, 118
1558492061.608038, 117
1558492061.626212, 117
1558492061.645138, 118
1558492061.664097, 118
1558492061.684930, 118
1558492061.702105, 117
1558492061.719457, 116
1558492061.736978, 118
1558492061.755039, 118
1558492061.773170, 117
1558492061.790954, 118
1558492061.809336, 117
1558492061.828172, 118
1558492061.846456, 118
1558492061.865543, 118
1558492061.884725, 118
1558492061.910597, 117
1558492061.932645, 118
1558492061.954935, 118
1558492061.974337, 117
1558492061.998269, 119
1558492062.018753, 117
1558492062.044150, 118
1558492062.065935, 118
1558492062.082650, 118
1558492062.101609, 118
1558492062.117957, 118
1558492062.141088, 119
1558492062.160651, 119
1558492062.179637, 118
1558492062.199633, 119
1558492062.218020, 117
1558492062.235314, 118
1558492062.252614, 119
1558492062.271560, 118
1558492062.290492, 119
1558492062.311061, 117
1558492062.331225, 117
1558492062.348589, 119
1558492062.369050, 119
1558492062.389860, 119
1558492062.407361, 119
1558492062.423433, 118
1558492062.440556, 120
1558492062.460733, 119
1558492062.478253, 119
1558492062.497979, 119
1558492062.515045, 119
1558492062.531045, 119
1558492062.548095, 119
1558492062.566094, 120
1558492062.581708, 120
1558492062.598680, 120
1558492062.614745, 119
1558492062.631821, 118
1558492062.647844, 120
1558492062.664507, 120
1558492062.681170, 119
1558492062.696923, 119
1558492062.713034, 119
1558492062.729862, 119
1558492062.747348, 120
1558492062.763553, 119
1558492062.779427, 120
1558492062.795611, 120
1558492062.811150, 119
1558492062.827667, 118
1558492062.843332, 119
1558492062.859296, 119
1558492062.874892, 119
1558492062.890640, 119
1558492062.905975, 119
1558492062.921065, 118
1558492062.936436, 118
1558492062.951782, 121
1558492062.967057, 120
1558492062.982169, 121
1558492062.997573, 120
1558492063.012973, 120
1558492063.028169, 119
1558492063.043841, 120
1558492063.059314, 121
1558492063.075241, 120
1558492063.098087, 120
1558492063.115305, 120
1558492063.131690, 120
1558492063.147609, 119
1558492063.164042, 120
1558492063.179589, 120
1558492063.194935, 121
1558492063.210315, 120
1558492063.226026, 118
1558492063.241816, 118
1558492063.257400, 121
1558492063.272392, 121
1558492063.287430, 120
1558492063.303479, 120
1558492063.318508, 121
1558492063.334006, 120
1558492063.349246, 119
1558492063.364639, 120
1558492063.379887, 120
1558492063.395975, 121
1558492063.411982, 120
1558492063.430081, 119
1558492063.448430, 120
1558492063.466120, 120
1558492063.484057, 121
1558492063.502046, 121
1558492063.520009, 121
1558492063.537605, 119
1558492063.556073, 120
1558492063.573909, 121
1558492063.592232, 122
1558492063.612437, 121
1558492063.630749, 121
1558492063.648790, 120
1558492063.667324, 120
1558492063.684901, 121
1558492063.703092, 121
1558492063.721355, 121
1558492063.739198, 120
1558492063.757347, 121
1558492063.775826, 121
1558492063.793670, 121
1558492063.811915, 121
1558492063.830133, 121
1558492063.848804, 120
1558492063.866431, 122
1558492063.884957, 122
1558492063.902749, 121
1558492063.918663, 121
1558492063.934541, 121
1558492063.950460, 120
1558492063.966015, 120
1558492063.981932, 123
1558492063.997945, 121
1558492064.014509, 122
1558492064.030953, 121
1558492064.047195, 121
1558492064.063414, 120
1558492064.080032, 121
1558492064.096123, 122
1558492064.112619, 121
1558492064.129008, 121
1558492064.145874, 122
1558492064.163298, 121
1558492064.181274, 122
1558492064.198793, 122
1558492064.215149, 122
1558492064.232232, 122
1558492064.250082, 123
1558492064.265891, 121
1558492064.282115, 122
1558492064.298437, 122
1558492064.314549, 122
1558492064.330825, 121
1558492064.346979, 122
1558492064.363671, 122
1558492064.380033, 121
1558492064.396317, 123
1558492064.412488, 122
1558492064.430956, 122
1558492064.449445, 123
1558492064.467813, 122
1558492064.485858, 122
1558492064.503665, 123
1558492064.522305, 123
1558492064.540167, 123
1558492064.558077, 123
1558492064.576676, 123
1558492064.595701, 123
1558492064.614532, 122
1558492064.632793, 124
1558492064.651193, 123
1558492064.668621, 121
1558492064.686911, 122
1558492064.704939, 123
1558492064.722704, 122
1558492064.740641, 123
1558492064.758155, 123
1558492064.776410, 123
1558492064.794658, 122
1558492064.813380, 123
1558492064.832316, 123
1558492064.849726, 123
1558492064.867591, 123
1558492064.887275, 122
1558492064.905072, 123
1558492064.922458, 123
1558492064.938197, 123
1558492064.954008, 123
1558492064.970590, 122
1558492064.986633, 123
1558492065.002752, 122
1558492065.019188, 123
1558492065.035249, 123
1558492065.051093, 124
1558492065.067509, 124
1558492065.083714, 123
1558492065.100264, 122
1558492065.116431, 123
1558492065.132303, 125
1558492065.148838, 123
1558492065.164713, 124
1558492065.180674, 125
1558492065.197305, 123
1558492065.213253, 122
1558492065.229808, 124
1558492065.246113, 124
1558492065.263177, 124
1558492065.280710, 124
1558492065.298118, 123
1558492065.316032, 123
1558492065.332440, 123
1558492065.350919, 124
1558492065.366967, 123
1558492065.384078, 123
1558492065.400056, 124
1558492065.416084, 123
1558492065.432491, 124
1558492065.448306, 123
1558492065.464496, 124
1558492065.480586, 123
1558492065.496887, 125
1558492065.513418, 124
1558492065.530042, 124
1558492065.546509, 125
1558492065.563224, 125
1558492065.580117, 123
1558492065.596338, 124
1558492065.613241, 124
1558492065.629774, 124
1558492065.645917, 125
1558492065.662762, 124
1558492065.680111, 125
1558492065.696741, 124
1558492065.713095, 124
1558492065.733151, 125
1558492065.750551, 125
1558492065.771496, 126
1558492065.788113, 124
1558492065.809932, 124
1558492065.826912, 124
1558492065.843886, 125
1558492065.861376, 125
1558492065.880841, 125
1558492065.898288, 125
1558492065.917478, 123
1558492065.938184, 124
1558492065.959164, 125
1558492065.976825, 125
1558492065.995074, 125
1558492066.011050, 125
1558492066.027566, 124
1558492066.044546, 124
1558492066.060534, 125
1558492066.076495, 124
1558492066.093025, 125
1558492066.111382, 125
1558492066.129348, 125
1558492066.145807, 124
1558492066.162350, 125
1558492066.177794, 125
1558492066.195301, 126
1558492066.212396, 126
1558492066.232726, 125
1558492066.248264, 124
1558492066.263622, 125
1558492066.279628, 126
1558492066.295578, 125
1558492066.312062, 127
1558492066.328520, 126
1558492066.345049, 125
1558492066.362438, 124
1558492066.380480, 127
1558492066.398724, 126
1558492066.415832, 126
1558492066.433484, 125
1558492066.448557, 126
1558492066.463206, 125
1558492066.478358, 126
1558492066.493761, 126
1558492066.508973, 125
1558492066.524003, 125
1558492066.539189, 127
1558492066.554127, 125
1558492066.568908, 124
1558492066.584099, 125
1558492066.599047, 126
1558492066.614206, 126
1558492066.629173, 126
1558492066.644813, 126
1558492066.660057, 125
1558492066.674808, 125
1558492066.689816, 126
1558492066.704922, 126
1558492066.719859, 126
1558492066.734800, 126
1558492066.749834, 126
1558492066.764933, 126
1558492066.780929, 125
1558492066.797466, 126
1558492066.816810, 127
1558492066.832152, 126
1558492066.847453, 127
1558492066.863129, 126
1558492066.878127, 125
1558492066.893324, 126
1558492066.908333, 127
1558492066.928058, 127
1558492066.947027, 126
1558492066.965432, 127
1558492066.983318, 126
1558492067.001289, 127
1558492067.018622, 127
1558492067.037033, 128
1558492067.055138, 127
1558492067.072900, 126
1558492067.090487, 127
1558492067.108020, 127
1558492067.125849, 126
1558492067.144436, 127
1558492067.162496, 127
1558492067.180456, 127
1558492067.199246, 128
1558492067.217020, 127
1558492067.234892, 127
1558492067.252775, 127
1558492067.270246, 127
1558492067.288198, 127
1558492067.312180, 127
1558492067.331736, 127
1558492067.349626, 127
1558492067.368006, 127
1558492067.386425, 126
1558492067.404279, 128
1558492067.420422, 128
1558492067.437821, 127
1558492067.454712, 127
1558492067.472674, 127
1558492067.490618, 126
1558492067.507844, 127
1558492067.525072, 129
1558492067.541034, 128
1558492067.556780, 128
1558492067.572744, 128
1558492067.588675, 129
1558492067.604680, 128
1558492067.620416, 128
1558492067.636722, 128
1558492067.652613, 128
1558492067.668355, 128
1558492067.684184, 128
1558492067.700548, 128
1558492067.717072, 127
1558492067.733061, 128
1558492067.748983, 128
1558492067.765011, 127
1558492067.780894, 129
1558492067.797244, 127
1558492067.813683, 128
1558492067.830259, 129
1558492067.846701, 129
1558492067.863464, 128
1558492067.880392, 128
1558492067.896620, 128
1558492067.913392, 128
1558492067.931793, 128
1558492067.949506, 128
1558492067.967580, 128
1558492067.985392, 129
1558492068.002804, 129
1558492068.020712, 128
1558492068.038683, 127
1558492068.055991, 128
1558492068.073933, 129
1558492068.092347, 127
1558492068.110861, 129
1558492068.129380, 128
1558492068.147321, 128
1558492068.165876, 130
1558492068.183985, 129
1558492068.201942, 129
1558492068.219478, 130
1558492068.237429, 130
1558492068.255778, 129
1558492068.274095, 130
1558492068.292493, 130
1558492068.310290, 128
1558492068.329165, 130
1558492068.348233, 129
1558492068.366891, 128
1558492068.384646, 130
1558492068.402720, 128
1558492068.419017, 129
1558492068.435236, 129
1558492068.451383, 129
1558492068.467196, 128
1558492068.483182, 130
1558492068.499409, 129
1558492068.515468, 129
1558492068.531809, 130
1558492068.548747, 130
1558492068.568775, 130
1558492068.586070, 130
1558492068.602265, 129
1558492068.620686, 130
1558492068.637487, 129
1558492068.653412, 129
1558492068.669356, 129
1558492068.685254, 128
1558492068.701767, 130
1558492068.717739, 129
1558492068.734068, 129
1558492068.749861, 128
1558492068.765904, 129
1558492068.782040, 131
1558492068.798446, 129
1558492068.814835, 131
1558492068.831249, 131
1558492068.847580, 130
1558492068.864183, 130
1558492068.880577, 130
1558492068.896706, 129
1558492068.913378, 129
1558492068.929385, 130
1558492068.946038, 131
1558492068.962941, 129
1558492068.979369, 130
1558492068.995994, 130
1558492069.012484, 130
1558492069.028961, 129
1558492069.045806, 130
1558492069.062342, 130
1558492069.079456, 128
1558492069.095530, 130
1558492069.112465, 129
1558492069.128611, 130
1558492069.145116, 130
1558492069.161534, 131
1558492069.178135, 130
1558492069.194721, 130
1558492069.211158, 131
1558492069.227908, 130
1558492069.244374, 131
1558492069.261072, 131
1558492069.277269, 131
1558492069.294163, 129
1558492069.312174, 131
1558492069.329112, 130
1558492069.345899, 130
1558492069.363441, 130
1558492069.379615, 131
1558492069.396650, 130
1558492069.413702, 131
1558492069.432383, 131
1558492069.452333, 131
1558492069.471423, 132
1558492069.491750, 132
1558492069.510739, 130
1558492069.532988, 132
1558492069.552155, 131
1558492069.570711, 132
1558492069.591651, 132
1558492069.610045, 131
1558492069.632938, 131
1558492069.656983, 131
1558492069.677067, 131
1558492069.701372, 131
1558492069.729063, 131
1558492069.756927, 131
1558492069.774803, 131
1558492069.793854, 131
1558492069.816722, 131
1558492069.837814, 130
1558492069.856618, 131
1558492069.874570, 132
1558492069.894493, 131
1558492069.913493, 131
1558492069.933550, 131
1558492069.951545, 132
1558492069.972919, 132
1558492069.991383, 131
1558492070.009328, 132
1558492070.028382, 132
1558492070.047773, 132
1558492070.068367, 132
1558492070.087190, 133
1558492070.105148, 132
1558492070.122791, 133
1558492070.140728, 132
1558492070.160160, 132
1558492070.182098, 132
1558492070.200517, 133
1558492070.219670, 132
1558492070.237916, 133
1558492070.256388, 132
1558492070.277352, 133
1558492070.295932, 133
1558492070.315790, 133
1558492070.337752, 132
1558492070.355398, 133
1558492070.374719, 132
1558492070.392624, 133
1558492070.412612, 132
1558492070.430646, 132
1558492070.448652, 133
1558492070.466127, 132
1558492070.483175, 132
1558492070.499932, 132
1558492070.516875, 133
1558492070.534097, 131
1558492070.551004, 132
1558492070.568405, 132
1558492070.586033, 132
1558492070.602843, 131
1558492070.619628, 133
1558492070.637129, 132
1558492070.654130, 132
1558492070.671532, 133
1558492070.688410, 132
1558492070.706000, 133
1558492070.723348, 135
1558492070.740523, 134
1558492070.757302, 133
1558492070.775896, 133
1558492070.794726, 134
1558492070.814304, 132
1558492070.833924, 133
1558492070.853440, 134
1558492070.870743, 133
1558492070.887708, 133
1558492070.904714, 133
1558492070.919831, 133
1558492070.936460, 133
1558492070.951754, 133
1558492070.967178, 133
1558492070.982724, 133
1558492070.997797, 134
1558492071.013275, 133
1558492071.028768, 133
1558492071.044294, 133
1558492071.059864, 134
1558492071.075349, 133
1558492071.090424, 132
1558492071.105916, 133
1558492071.121023, 133
1558492071.136498, 133
1558492071.152018, 134
1558492071.167465, 133
1558492071.182914, 133
1558492071.198320, 133
1558492071.213444, 134
1558492071.229224, 134
1558492071.245155, 132
1558492071.261073, 132
1558492071.276680, 133
1558492071.291991, 133
1558492071.307559, 133
1558492071.322693, 134
1558492071.337922, 133
1558492071.353148, 134
1558492071.368128, 134
1558492071.383179, 134
1558492071.398632, 134
1558492071.415403, 133
1558492071.433907, 135
1558492071.451382, 135
1558492071.469212, 134
1558492071.486997, 135
1558492071.504723, 134
1558492071.522138, 134
1558492071.540240, 134
1558492071.558233, 134
1558492071.576776, 134
1558492071.594601, 134
1558492071.612699, 134
1558492071.631942, 135
1558492071.650550, 134
1558492071.668472, 134
1558492071.686350, 134
1558492071.704980, 135
1558492071.722985, 134
1558492071.742232, 134
1558492071.760559, 134
1558492071.778455, 135
1558492071.798633, 134
1558492071.817350, 134
1558492071.834907, 135
1558492071.853370, 134
1558492071.871785, 134
1558492071.890628, 135
1558492071.911204, 135
1558492071.931119, 134
1558492071.948630, 134
1558492071.965969, 135
1558492071.981755, 134
1558492071.997734, 135
1558492072.013856, 136
1558492072.030251, 135
1558492072.047747, 136
1558492072.064929, 135
1558492072.081869, 136
1558492072.098158, 135
1558492072.114352, 136
1558492072.131281, 134
1558492072.148302, 135
1558492072.165296, 135
1558492072.181390, 135
1558492072.197906, 135
1558492072.213938, 135
1558492072.230588, 135
1558492072.247674, 135
1558492072.264111, 135
1558492072.280571, 135
1558492072.297372, 135
1558492072.313887, 135
1558492072.330373, 135
1558492072.347502, 137
1558492072.364017, 135
1558492072.381151, 135
1558492072.397318, 135
1558492072.415056, 136
1558492072.433087, 136
1558492072.450922, 135
1558492072.468546, 136
1558492072.486478, 135
1558492072.504837, 135
1558492072.522818, 136
1558492072.540917, 136
1558492072.558651, 135
1558492072.577363, 136
1558492072.597626, 135
1558492072.616719, 136
1558492072.634815, 135
1558492072.653270, 135
1558492072.671029, 136
1558492072.689113, 137
1558492072.706914, 136
1558492072.724938, 135
1558492072.743454, 138
1558492072.761542, 136
1558492072.779791, 136
1558492072.797928, 136
1558492072.816137, 136
1558492072.833861, 136
1558492072.851951, 138
1558492072.870644, 136
1558492072.888406, 136
1558492072.905813, 137
1558492072.921930, 136
1558492072.938174, 136
1558492072.954136, 137
1558492072.970513, 137
1558492072.986881, 136
1558492073.005022, 137
1558492073.021846, 137
1558492073.039301, 137
1558492073.056618, 138
1558492073.073590, 136
1558492073.089493, 136
1558492073.105336, 138
1558492073.121668, 136
1558492073.137812, 136
1558492073.153836, 136
1558492073.170170, 135
1558492073.186004, 136
1558492073.202642, 136
1558492073.218597, 136
1558492073.235770, 136
1558492073.251742, 137
1558492073.268123, 136
1558492073.284226, 136
1558492073.300283, 136
1558492073.316719, 135
1558492073.332721, 138
1558492073.349148, 139
1558492073.365270, 137
1558492073.381346, 137
1558492073.397697, 138
1558492073.415113, 137
1558492073.431259, 137
1558492073.447633, 137
1558492073.464052, 138
1558492073.480411, 137
1558492073.497616, 138
1558492073.517271, 138
1558492073.533896, 137
1558492073.553168, 139
1558492073.575405, 137
1558492073.592472, 137
1558492073.611278, 137
1558492073.628289, 137
1558492073.650167, 138
1558492073.671618, 137
1558492073.693982, 137
1558492073.711552, 137
1558492073.729162, 137
1558492073.747347, 137
1558492073.764376, 139
1558492073.781452, 138
1558492073.802828, 138
1558492073.819919, 138
1558492073.836925, 137
1558492073.858861, 138
1558492073.875454, 138
1558492073.894114, 138
1558492073.911718, 138
1558492073.928263, 138
1558492073.945914, 138
1558492073.965079, 138
1558492073.982182, 138
1558492074.000828, 137
1558492074.016925, 138
1558492074.032958, 138
1558492074.049387, 138
1558492074.066471, 139
1558492074.090541, 138
1558492074.108673, 138
1558492074.130036, 138
1558492074.149834, 140
1558492074.170200, 139
1558492074.189190, 138
1558492074.206435, 139
1558492074.224464, 138
1558492074.242703, 138
1558492074.260166, 139
1558492074.277298, 139
1558492074.293938, 138
1558492074.311577, 138
1558492074.327974, 138
1558492074.344264, 138
1558492074.360391, 140
1558492074.377104, 138
1558492074.393427, 138
1558492074.412032, 139
1558492074.429064, 138
1558492074.445432, 139
1558492074.461897, 139
1558492074.478415, 139
1558492074.495089, 138
1558492074.511714, 139
1558492074.528522, 139
1558492074.544751, 139
1558492074.560902, 138
1558492074.577482, 139
1558492074.593566, 138
1558492074.609883, 139
1558492074.626451, 138
1558492074.642940, 138
1558492074.659473, 139
1558492074.676056, 139
1558492074.691737, 139
1558492074.708452, 139
1558492074.724421, 139
1558492074.740712, 138
1558492074.756812, 138
1558492074.773095, 140
1558492074.789557, 139
1558492074.806061, 139
1558492074.822245, 139
1558492074.838278, 139
1558492074.854817, 139
1558492074.871042, 140
1558492074.887169, 139
1558492074.903067, 139
1558492074.920699, 138
1558492074.938833, 139
1558492074.956721, 139
1558492074.974167, 140
1558492074.992549, 139
1558492075.010699, 139
1558492075.029858, 139
1558492075.048908, 140
1558492075.066646, 141
1558492075.084558, 139
1558492075.103452, 140
1558492075.122103, 140
1558492075.139986, 139
1558492075.157484, 140
1558492075.176289, 141
1558492075.196361, 140
1558492075.216489, 140
1558492075.235243, 139
1558492075.254274, 139
1558492075.273638, 140
1558492075.294208, 140
1558492075.312543, 139
1558492075.330628, 140
1558492075.356034, 141
1558492075.375008, 141
1558492075.393840, 140
1558492075.412139, 140
1558492075.428365, 140
1558492075.443750, 140
1558492075.459115, 139
1558492075.474224, 141
1558492075.489427, 140
1558492075.505293, 140
1558492075.520708, 141
1558492075.535853, 140
1558492075.551137, 140
1558492075.566333, 140
1558492075.581396, 141
1558492075.596915, 140
1558492075.612969, 140
1558492075.629133, 140
1558492075.645006, 140
1558492075.660250, 140
1558492075.675484, 141
1558492075.690532, 141
1558492075.706004, 141
1558492075.721510, 141
1558492075.736722, 140
1558492075.751862, 140
1558492075.767312, 140
1558492075.782338, 142
1558492075.797930, 141
1558492075.813323, 140
1558492075.829057, 140
1558492075.844899, 140
1558492075.861014, 140
1558492075.876468, 141
1558492075.892385, 141
1558492075.907458, 140
1558492075.929230, 141
1558492075.954074, 141
1558492075.972822, 141
1558492075.990845, 141
1558492076.008972, 141
1558492076.027289, 141
1558492076.045725, 142
1558492076.063694, 142
1558492076.082219, 144
1558492076.100644, 142
1558492076.118201, 142
1558492076.136824, 142
1558492076.154303, 142
1558492076.172798, 143
1558492076.191809, 144
1558492076.209996, 142
1558492076.228017, 143
1558492076.246625, 142
1558492076.264819, 142
1558492076.282832, 143
1558492076.302799, 142
1558492076.322750, 142
1558492076.341233, 142
1558492076.361523, 141
1558492076.381487, 142
1558492076.401695, 141
1558492076.417995, 141
1558492076.433697, 142
1558492076.448687, 141
1558492076.464037, 141
1558492076.479305, 144
1558492076.494642, 143
1558492076.510149, 141
1558492076.525473, 141
1558492076.540528, 141
1558492076.555560, 141
1558492076.571063, 141
1558492076.586043, 144
1558492076.601419, 143
1558492076.616504, 142
1558492076.632163, 141
1558492076.648157, 141
1558492076.663724, 141
1558492076.679756, 142
1558492076.695406, 143
1558492076.711077, 142
1558492076.726426, 141
1558492076.741873, 142
1558492076.757551, 142
1558492076.772741, 143
1558492076.788637, 144
1558492076.803689, 143
1558492076.819112, 141
1558492076.835655, 142
1558492076.851381, 143
1558492076.866392, 142
1558492076.881790, 144
1558492076.897563, 143
1558492076.913262, 141
1558492076.933258, 143
1558492076.951869, 142
1558492076.970851, 142
1558492076.989414, 143
1558492077.007167, 142
1558492077.025206, 142
1558492077.044220, 142
1558492077.062064, 143
1558492077.080249, 143
1558492077.099073, 143
1558492077.117307, 142
1558492077.135544, 142
1558492077.154015, 143
1558492077.172312, 142
1558492077.190230, 143
1558492077.208188, 142
1558492077.226262, 143
1558492077.244431, 144
1558492077.262178, 142
1558492077.279953, 144
1558492077.298428, 144
1558492077.317815, 142
1558492077.337901, 142
1558492077.355722, 142
1558492077.374526, 142
1558492077.396920, 143
1558492077.417119, 142
1558492077.441638, 143
1558492077.461512, 143
1558492077.484174, 145
1558492077.504570, 145
1558492077.522461, 143
1558492077.544527, 144
1558492077.564867, 143
1558492077.581866, 143
1558492077.598767, 145
1558492077.618776, 144
1558492077.635284, 143
1558492077.651688, 144
1558492077.668762, 143
1558492077.685135, 143
1558492077.701612, 144
1558492077.717616, 143
1558492077.733739, 143
1558492077.756055, 143
1558492077.772964, 144
1558492077.790015, 145
1558492077.809417, 145
1558492077.829849, 144
1558492077.848898, 144
1558492077.866416, 144
1558492077.883385, 142
1558492077.899835, 145
1558492077.916213, 144
1558492077.932232, 143
1558492077.948758, 145
1558492077.965119, 143
1558492077.981073, 143
1558492077.999730, 146
1558492078.016535, 145
1558492078.033141, 143
1558492078.049098, 142
1558492078.064985, 143
1558492078.081396, 144
1558492078.098418, 143
1558492078.115389, 144
1558492078.131230, 143
1558492078.147733, 144
1558492078.163393, 144
1558492078.179793, 144
1558492078.195495, 145
1558492078.211651, 146
1558492078.227610, 144
1558492078.244184, 145
1558492078.260283, 144
1558492078.275872, 144
1558492078.291810, 145
1558492078.307755, 145
1558492078.323447, 145
1558492078.339627, 144
1558492078.354887, 144
1558492078.370575, 144
1558492078.386014, 145
1558492078.402038, 146
1558492078.417108, 145
1558492078.432193, 144
1558492078.447612, 143
1558492078.463227, 144
1558492078.479283, 144
1558492078.494616, 146
1558492078.509994, 146
1558492078.529498, 145
1558492078.548479, 146
1558492078.564906, 144
1558492078.581379, 145
1558492078.598015, 146
1558492078.613110, 146
1558492078.628830, 144
1558492078.644413, 144
1558492078.661416, 145
1558492078.676676, 145
1558492078.692719, 144
1558492078.708339, 146
1558492078.724006, 146
1558492078.739305, 144
1558492078.754906, 144
1558492078.770413, 145
1558492078.785720, 145
1558492078.800958, 146
1558492078.816185, 146
1558492078.831889, 145
1558492078.847970, 145
1558492078.863585, 145
1558492078.879283, 145
1558492078.894854, 145
1558492078.910209, 146
1558492078.929030, 146
1558492078.947736, 144
1558492078.966354, 146
1558492078.984377, 145
1558492079.004193, 147
1558492079.022372, 146
1558492079.039772, 146
1558492079.057588, 144
1558492079.075517, 146
1558492079.094046, 146
1558492079.112160, 145
1558492079.130390, 145
1558492079.148863, 146
1558492079.167945, 144
1558492079.185794, 145
1558492079.204108, 148
1558492079.222247, 147
1558492079.239513, 146
1558492079.256891, 147
1558492079.274920, 146
1558492079.292630, 145
1558492079.311050, 148
1558492079.328893, 146
1558492079.347961, 146
1558492079.366480, 146
1558492079.384575, 145
1558492079.402523, 146
1558492079.419212, 147
1558492079.435569, 147
1558492079.451660, 146
1558492079.468151, 146
1558492079.484204, 146
1558492079.500154, 145
1558492079.516201, 146
1558492079.532589, 147
1558492079.548805, 146
1558492079.564835, 147
1558492079.583818, 146
1558492079.600003, 147
1558492079.624083, 148
1558492079.642017, 146
1558492079.659050, 147
1558492079.677049, 147
1558492079.696085, 146
1558492079.713048, 146
1558492079.729788, 147
1558492079.746230, 147
1558492079.762869, 146
1558492079.779077, 147
1558492079.795166, 147
1558492079.811853, 146
1558492079.827878, 147
1558492079.844001, 146
1558492079.860097, 146
1558492079.876542, 146
1558492079.892768, 147
1558492079.908812, 148
1558492079.924667, 148
1558492079.940695, 147
1558492079.956631, 148
1558492079.973065, 146
1558492079.989627, 146
1558492080.005654, 146
1558492080.022057, 148
1558492080.038528, 148
1558492080.054497, 146
1558492080.070833, 148
1558492080.086806, 147
1558492080.109838, 147
1558492080.131928, 148
1558492080.150210, 146
1558492080.166096, 146
1558492080.181997, 147
1558492080.198550, 147
1558492080.214727, 148
1558492080.231208, 148
1558492080.248274, 148
1558492080.264532, 147
1558492080.280709, 147
1558492080.297794, 147
1558492080.314651, 147
1558492080.331143, 149
1558492080.348516, 148
1558492080.364757, 148
1558492080.381412, 148
1558492080.397481, 147
1558492080.414018, 148
1558492080.432614, 149
1558492080.451041, 147
1558492080.468616, 147
1558492080.486545, 148
1558492080.505644, 147
1558492080.523590, 148
1558492080.541511, 149
1558492080.559669, 147
1558492080.577474, 147
1558492080.595992, 148
1558492080.614361, 149
1558492080.633398, 149
1558492080.650822, 148
1558492080.668791, 148
1558492080.686351, 148
1558492080.705610, 147
1558492080.725191, 148
1558492080.745521, 148
1558492080.765407, 147
1558492080.785352, 148
1558492080.804797, 148
1558492080.822534, 148
1558492080.841127, 150
1558492080.858748, 148
1558492080.877204, 147
1558492080.895196, 148
1558492080.913716, 147
1558492080.932020, 149
1558492080.948580, 149
1558492080.964631, 147
1558492080.982123, 149
1558492080.998508, 149
1558492081.016638, 147
1558492081.032850, 149
1558492081.048946, 149
1558492081.065843, 147
1558492081.082576, 148
1558492081.099191, 149
1558492081.116123, 148
1558492081.132332, 150
1558492081.150147, 149
1558492081.167374, 148
1558492081.183837, 148
1558492081.205792, 148
1558492081.222756, 149
1558492081.239151, 149
1558492081.255678, 150
1558492081.272661, 147
1558492081.289138, 148
1558492081.310514, 148
1558492081.328558, 149
1558492081.346026, 149
1558492081.362997, 147
1558492081.380400, 149
1558492081.396979, 148
1558492081.414503, 146
1558492081.430240, 148
1558492081.449877, 148
1558492081.469812, 146
1558492081.485815, 147
1558492081.501269, 148
1558492081.516828, 147
1558492081.532639, 147
1558492081.550169, 148
1558492081.565550, 148
1558492081.585022, 146
1558492081.602493, 147
1558492081.617576, 146
1558492081.635453, 148
1558492081.650699, 149
1558492081.670138, 147
1558492081.685892, 146
1558492081.701274, 146
1558492081.716385, 146
1558492081.731917, 147
1558492081.749242, 147
1558492081.767171, 147
1558492081.782175, 146
1558492081.799158, 145
1558492081.815204, 145
1558492081.832115, 146
1558492081.850130, 147
1558492081.867141, 147
1558492081.884123, 145
1558492081.903605, 144
1558492081.918462, 144
1558492081.933470, 144
1558492081.948340, 145
1558492081.963887, 145
1558492081.979362, 144
1558492081.994998, 143
1558492082.009783, 143
1558492082.024771, 144
1558492082.039666, 145
1558492082.054808, 138
1558492082.069876, 136
1558492082.084802, 135
1558492082.100175, 136
1558492082.116338, 129
1558492082.131684, 122
1558492082.147328, 118
1558492082.162633, 110
1558492082.178008, 104
1558492082.193083, 97
1558492082.208194, 92
1558492082.222956, 88
1558492082.238275, 83
1558492082.253156, 76
1558492082.268828, 71
1558492082.283560, 70
1558492082.298993, 70
1558492082.314714, 70
1558492082.330047, 70
1558492082.345105, 72
1558492082.359890, 72
1558492082.374649, 73
1558492082.390004, 72
1558492082.404506, 71
1558492082.422785, 70
1558492082.440901, 72
1558492082.458837, 72
1558492082.477190, 72
1558492082.495485, 72
1558492082.514067, 71
1558492082.532573, 72
1558492082.550604, 72
1558492082.568523, 72
1558492082.586375, 72
1558492082.604391, 70
1558492082.622758, 72
1558492082.641558, 73
1558492082.659576, 73
1558492082.677901, 72
1558492082.699805, 73
1558492082.717985, 72
1558492082.736222, 71
1558492082.754779, 73
1558492082.772840, 72
1558492082.790178, 73
1558492082.808882, 73
1558492082.826584, 71
1558492082.845797, 74
1558492082.865897, 73
1558492082.884264, 73
1558492082.902008, 72
1558492082.926605, 72
1558492082.945148, 74
1558492082.962987, 74
1558492082.980143, 73
1558492082.997452, 74
1558492083.014032, 73
1558492083.032257, 73
1558492083.048935, 73
1558492083.065077, 74
1558492083.081881, 74
1558492083.098572, 74
1558492083.114814, 73
1558492083.131695, 74
1558492083.148201, 74
1558492083.164588, 73
1558492083.181553, 73
1558492083.198431, 74
1558492083.214889, 73
1558492083.231284, 74
1558492083.247451, 75
1558492083.263550, 74
1558492083.279508, 74
1558492083.296066, 74
1558492083.313933, 74
1558492083.329790, 73
1558492083.346210, 73
1558492083.363139, 74
1558492083.379252, 75
1558492083.396387, 75
1558492083.413067, 75
1558492083.431491, 73
1558492083.449422, 75
1558492083.467639, 75
1558492083.486174, 75
1558492083.504232, 74
1558492083.521916, 74
1558492083.540209, 74
1558492083.558318, 74
1558492083.576498, 75
1558492083.594203, 76
1558492083.612852, 75
1558492083.631559, 74
1558492083.650383, 75
1558492083.668264, 76
1558492083.688146, 75
1558492083.708930, 76
1558492083.726389, 75
1558492083.744427, 74
1558492083.762363, 76
1558492083.780749, 77
1558492083.798517, 76
1558492083.817041, 75
1558492083.834812, 76
1558492083.853216, 77
1558492083.870861, 75
1558492083.888797, 75
1558492083.906554, 75
1558492083.922355, 75
1558492083.938202, 75
1558492083.954269, 76
1558492083.970409, 76
1558492083.987215, 76
1558492084.003198, 76
1558492084.024348, 75
1558492084.042487, 75
1558492084.059584, 76
1558492084.076608, 76
1558492084.092986, 75
1558492084.109224, 77
1558492084.125418, 75
1558492084.141579, 76
1558492084.157635, 76
1558492084.173533, 77
1558492084.190166, 77
1558492084.206203, 76
1558492084.222749, 78
1558492084.238731, 76
1558492084.255913, 75
1558492084.272280, 77
1558492084.288023, 77
1558492084.304081, 76
1558492084.320131, 76
1558492084.336683, 77
1558492084.352797, 76
1558492084.369354, 78
1558492084.385549, 77
1558492084.401589, 76
1558492084.417419, 77
1558492084.433313, 77
1558492084.449552, 76
1558492084.465518, 75
1558492084.481480, 77
1558492084.497403, 77
1558492084.513373, 77
1558492084.529487, 77
1558492084.545362, 78
1558492084.561335, 76
1558492084.577475, 77
1558492084.593444, 76
1558492084.609346, 79
1558492084.626398, 77
1558492084.642292, 78
1558492084.658563, 76
1558492084.674329, 78
1558492084.690427, 77
1558492084.706225, 79
1558492084.722515, 78
1558492084.738301, 79
1558492084.757430, 77
1558492084.773429, 78
1558492084.789390, 77
1558492084.805413, 78
1558492084.821513, 77
1558492084.837326, 78
1558492084.853440, 78
1558492084.869387, 76
1558492084.885512, 78
1558492084.902135, 77
1558492084.920497, 78
1558492084.942217, 79
1558492084.964128, 77
1558492084.982141, 79
1558492085.003173, 79
1558492085.022079, 79
1558492085.041253, 79
1558492085.059108, 78
1558492085.080147, 77
1558492085.099281, 79
1558492085.126065, 78
1558492085.151142, 78
1558492085.177384, 78
1558492085.201305, 79
1558492085.224231, 77
1558492085.243061, 79
1558492085.263985, 78
1558492085.285984, 78
1558492085.304203, 80
1558492085.321929, 79
1558492085.340204, 79
1558492085.358127, 80
1558492085.382547, 79
1558492085.408320, 80
1558492085.426508, 81
1558492085.448534, 79
1558492085.466607, 81
1558492085.484136, 80
1558492085.501540, 80
1558492085.519222, 81
1558492085.539874, 81
1558492085.562580, 80
1558492085.581314, 80
1558492085.600868, 80
1558492085.620225, 80
1558492085.637764, 80
1558492085.655314, 80
1558492085.679816, 81
1558492085.698158, 79
1558492085.716074, 80
1558492085.734962, 80
1558492085.756225, 81
1558492085.775097, 81
1558492085.792609, 82
1558492085.809505, 81
1558492085.826190, 81
1558492085.843037, 81
1558492085.859975, 82
1558492085.881405, 81
1558492085.899635, 80
1558492085.917627, 81
1558492085.936389, 81
1558492085.953327, 81
1558492085.977872, 81
1558492085.995834, 79
1558492086.012341, 80
1558492086.029005, 80
1558492086.045445, 81
1558492086.062236, 81
1558492086.078741, 81
1558492086.096064, 81
1558492086.112395, 82
1558492086.129971, 81
1558492086.146670, 81
1558492086.163619, 81
1558492086.180392, 82
1558492086.197265, 82
1558492086.213987, 81
1558492086.230140, 81
1558492086.248805, 81
1558492086.267537, 82
1558492086.286375, 83
1558492086.304698, 82
1558492086.323194, 82
1558492086.340689, 81
1558492086.357110, 81
1558492086.373315, 82
1558492086.389838, 81
1558492086.405863, 82
1558492086.422288, 82
1558492086.438074, 83
1558492086.454142, 81
1558492086.470104, 81
1558492086.486210, 80
1558492086.501991, 82
1558492086.518063, 82
1558492086.534092, 81
1558492086.550104, 82
1558492086.566302, 84
1558492086.582887, 83
1558492086.599306, 83
1558492086.615954, 83
1558492086.632588, 83
1558492086.649140, 82
1558492086.665665, 84
1558492086.682205, 83
1558492086.698518, 82
1558492086.714522, 83
1558492086.730716, 83
1558492086.747824, 83
1558492086.763966, 82
1558492086.780585, 83
1558492086.796709, 82
1558492086.813115, 83
1558492086.829497, 84
1558492086.846057, 83
1558492086.863314, 83
1558492086.879812, 84
1558492086.896351, 83
1558492086.913338, 83
1558492086.932436, 84
1558492086.950206, 83
1558492086.967665, 83
1558492086.985294, 84
1558492087.003644, 84
1558492087.022063, 84
1558492087.039520, 84
1558492087.057351, 83
1558492087.075117, 83
1558492087.092727, 84
1558492087.110495, 84
1558492087.128914, 84
1558492087.146467, 84
1558492087.164848, 85
1558492087.182968, 85
1558492087.213335, 84
1558492087.237163, 84
1558492087.255159, 84
1558492087.273671, 85
1558492087.292050, 84
1558492087.309235, 84
1558492087.327708, 84
1558492087.352329, 84
1558492087.377319, 85
1558492087.397823, 84
1558492087.417540, 84
1558492087.434586, 86
1558492087.452490, 84
1558492087.468290, 83
1558492087.484483, 84
1558492087.500434, 85
1558492087.516768, 85
1558492087.532841, 85
1558492087.548871, 85
1558492087.565309, 84
1558492087.582002, 84
1558492087.598425, 85
1558492087.614922, 85
1558492087.631391, 85
1558492087.648514, 85
1558492087.665126, 83
1558492087.681276, 85
1558492087.698187, 85
1558492087.714753, 84
1558492087.730773, 85
1558492087.747426, 85
1558492087.763452, 86
1558492087.779711, 85
1558492087.796408, 85
1558492087.813057, 86
1558492087.829576, 85
1558492087.846878, 86
1558492087.863489, 86
1558492087.880082, 87
1558492087.897190, 86
1558492087.913704, 86
1558492087.932653, 87
1558492087.951439, 86
1558492087.968573, 86
1558492087.986643, 86
1558492088.004718, 85
1558492088.023230, 87
1558492088.041270, 86
1558492088.058630, 86
1558492088.076389, 87
1558492088.094697, 86
1558492088.113948, 86
1558492088.132267, 87
1558492088.150373, 86
1558492088.168313, 85
1558492088.186683, 87
1558