1558491797.323239, 1
1558491797.446220, 5
1558491797.468360, 5
1558491797.490637, 13
1558491797.511706, 18
1558491797.539079, 24
1558491797.560899, 31
1558491797.585428, 40
1558491797.620729, 48
1558491797.646918, 50
1558491797.674197, 49
1558491797.699480, 49
1558491797.722244, 49
1558491797.743933, 50
1558491797.764783, 49
1558491797.795217, 49
1558491797.816425, 50
1558491797.836884, 49
1558491797.857759, 49
1558491797.879176, 50
1558491797.899607, 50
1558491797.920002, 50
1558491797.939387, 48
1558491797.954351, 50
1558491797.969988, 50
1558491797.984875, 50
1558491798.000570, 49
1558491798.015862, 49
1558491798.031535, 49
1558491798.047377, 47
1558491798.062820, 47
1558491798.078578, 43
1558491798.094246, 45
1558491798.109556, 46
1558491798.125796, 48
1558491798.141698, 49
1558491798.157525, 49
1558491798.173305, 47
1558491798.189205, 49
1558491798.205002, 49
1558491798.220663, 49
1558491798.235865, 46
1558491798.251343, 47
1558491798.267096, 48
1558491798.282254, 50
1558491798.297523, 50
1558491798.312807, 46
1558491798.328267, 44
1558491798.343465, 45
1558491798.359484, 48
1558491798.375695, 50
1558491798.392829, 47
1558491798.408664, 46
1558491798.424951, 45
1558491798.442557, 48
1558491798.461796, 47
1558491798.479310, 47
1558491798.498025, 44
1558491798.516364, 48
1558491798.534838, 49
1558491798.552844, 46
1558491798.571744, 39
1558491798.590176, 32
1558491798.608918, 28
1558491798.626669, 23
1558491798.646140, 24
1558491798.664312, 26
1558491798.682702, 18
1558491798.700920, 14
1558491798.718935, 14
1558491798.748966, 13
1558491798.781262, 13
1558491798.807798, 14
1558491798.830443, 14
1558491798.853239, 16
1558491798.875197, 14
1558491798.895875, 15
1558491798.922961, 17
1558491798.940667, 18
1558491798.957061, 16
1558491798.974127, 16
1558491798.994312, 15
1558491799.012628, 14
1558491799.028922, 16
1558491799.044106, 17
1558491799.062800, 17
1558491799.077993, 16
1558491799.094557, 16
1558491799.112672, 15
1558491799.128546, 16
1558491799.144136, 19
1558491799.160569, 17
1558491799.179943, 17
1558491799.195692, 17
1558491799.211508, 18
1558491799.230963, 17
1558491799.248613, 20
1558491799.264628, 18
1558491799.280179, 19
1558491799.297291, 19
1558491799.316737, 17
1558491799.332401, 17
1558491799.348229, 20
1558491799.364546, 20
1558491799.380374, 19
1558491799.397788, 19
1558491799.414744, 19
1558491799.430371, 19
1558491799.446183, 20
1558491799.461732, 20
1558491799.477126, 20
1558491799.493142, 19
1558491799.509715, 20
1558491799.524993, 20
1558491799.540380, 20
1558491799.555750, 21
1558491799.571310, 21
1558491799.592938, 21
1558491799.609000, 21
1558491799.624963, 21
1558491799.640490, 21
1558491799.656074, 22
1558491799.671796, 22
1558491799.688450, 22
1558491799.703845, 22
1558491799.719417, 21
1558491799.734619, 21
1558491799.750265, 24
1558491799.765080, 23
1558491799.780708, 24
1558491799.795992, 23
1558491799.811705, 22
1558491799.827114, 23
1558491799.842455, 23
1558491799.859468, 24
1558491799.877444, 25
1558491799.894058, 25
1558491799.910106, 24
1558491799.928407, 24
1558491799.944498, 24
1558491799.961089, 25
1558491799.977121, 24
1558491799.992996, 25
1558491800.008972, 23
1558491800.025206, 23
1558491800.041937, 25
1558491800.058056, 24
1558491800.073967, 25
1558491800.090057, 25
1558491800.106595, 25
1558491800.122739, 24
1558491800.139685, 23
1558491800.156099, 26
1558491800.173913, 25
1558491800.195929, 25
1558491800.212003, 26
1558491800.230135, 25
1558491800.247520, 26
1558491800.265470, 26
1558491800.282108, 27
1558491800.299562, 28
1558491800.317914, 26
1558491800.335327, 24
1558491800.353042, 27
1558491800.370834, 27
1558491800.387009, 27
1558491800.405100, 27
1558491800.422918, 27
1558491800.440017, 27
1558491800.458880, 29
1558491800.477424, 28
1558491800.499888, 28
1558491800.520245, 28
1558491800.540429, 27
1558491800.563895, 29
1558491800.583883, 29
1558491800.603353, 29
1558491800.621735, 28
1558491800.641187, 28
1558491800.661724, 29
1558491800.680815, 29
1558491800.712838, 28
1558491800.747830, 30
1558491800.772695, 29
1558491800.789267, 29
1558491800.843757, 30
1558491800.870110, 31
1558491800.899491, 30
1558491800.927444, 30
1558491800.966410, 30
1558491800.989857, 31
1558491801.013068, 32
1558491801.031936, 30
1558491801.048464, 31
1558491801.068698, 31
1558491801.088721, 31
1558491801.109709, 33
1558491801.127683, 30
1558491801.142951, 31
1558491801.158884, 32
1558491801.175918, 33
1558491801.193126, 32
1558491801.210699, 33
1558491801.227300, 32
1558491801.242404, 31
1558491801.262399, 32
1558491801.279547, 33
1558491801.295413, 33
1558491801.312582, 33
1558491801.328761, 33
1558491801.344437, 32
1558491801.363453, 33
1558491801.378935, 33
1558491801.395111, 32
1558491801.411260, 33
1558491801.426771, 34
1558491801.445580, 32
1558491801.466081, 33
1558491801.482027, 35
1558491801.498497, 33
1558491801.514207, 34
1558491801.530434, 33
1558491801.546598, 33
1558491801.564645, 35
1558491801.581613, 34
1558491801.598930, 34
1558491801.615894, 33
1558491801.633827, 35
1558491801.654169, 35
1558491801.678402, 35
1558491801.696137, 34
1558491801.714114, 36
1558491801.731865, 35
1558491801.749643, 35
1558491801.767165, 35
1558491801.782987, 34
1558491801.800621, 35
1558491801.816730, 35
1558491801.834522, 35
1558491801.851025, 34
1558491801.869864, 36
1558491801.886906, 36
1558491801.905096, 37
1558491801.933251, 37
1558491801.949504, 36
1558491801.965689, 36
1558491801.983329, 37
1558491801.999639, 36
1558491802.016782, 36
1558491802.037143, 36
1558491802.059989, 37
1558491802.080986, 37
1558491802.100296, 37
1558491802.118817, 37
1558491802.136651, 37
1558491802.152639, 36
1558491802.169068, 37
1558491802.185290, 37
1558491802.201285, 37
1558491802.217672, 38
1558491802.233799, 37
1558491802.249852, 38
1558491802.265653, 39
1558491802.282020, 39
1558491802.298087, 39
1558491802.317129, 39
1558491802.339811, 37
1558491802.363024, 36
1558491802.380566, 38
1558491802.398321, 38
1558491802.415572, 38
1558491802.432302, 38
1558491802.450355, 38
1558491802.467749, 39
1558491802.490511, 39
1558491802.514610, 40
1558491802.536070, 39
1558491802.561729, 40
1558491802.595503, 39
1558491802.616418, 41
1558491802.635405, 40
1558491802.651864, 41
1558491802.668805, 39
1558491802.685272, 41
1558491802.705803, 39
1558491802.741252, 40
1558491802.765716, 40
1558491802.788453, 39
1558491802.821219, 40
1558491802.860393, 40
1558491802.897882, 40
1558491802.932424, 40
1558491802.979880, 40
1558491803.011369, 41
1558491803.046019, 41
1558491803.069509, 40
1558491803.086514, 40
1558491803.108441, 42
1558491803.125452, 42
1558491803.150918, 42
1558491803.168305, 42
1558491803.209207, 42
1558491803.253133, 42
1558491803.284072, 42
1558491803.302012, 42
1558491803.330071, 44
1558491803.346465, 43
1558491803.363077, 44
1558491803.381197, 44
1558491803.398548, 44
1558491803.414798, 44
1558491803.432178, 44
1558491803.460351, 43
1558491803.483394, 43
1558491803.503321, 42
1558491803.519264, 43
1558491803.536680, 43
1558491803.552645, 43
1558491803.568335, 44
1558491803.584008, 44
1558491803.599510, 44
1558491803.615432, 44
1558491803.630939, 45
1558491803.646303, 43
1558491803.661788, 43
1558491803.677857, 43
1558491803.693218, 43
1558491803.709044, 45
1558491803.726243, 43
1558491803.741926, 44
1558491803.757907, 45
1558491803.774047, 45
1558491803.790234, 45
1558491803.805996, 44
1558491803.822540, 46
1558491803.839485, 45
1558491803.855949, 44
1558491803.871925, 44
1558491803.888148, 46
1558491803.903667, 45
1558491803.919582, 45
1558491803.935054, 45
1558491803.952937, 46
1558491803.971956, 46
1558491803.990364, 46
1558491804.008367, 47
1558491804.026161, 46
1558491804.044332, 46
1558491804.063877, 47
1558491804.081845, 47
1558491804.099470, 47
1558491804.117156, 46
1558491804.139016, 46
1558491804.157096, 47
1558491804.175292, 47
1558491804.193963, 47
1558491804.212037, 46
1558491804.229749, 47
1558491804.247999, 47
1558491804.267944, 47
1558491804.288007, 47
1558491804.309940, 48
1558491804.330891, 48
1558491804.351495, 48
1558491804.385324, 48
1558491804.414225, 48
1558491804.433910, 47
1558491804.451571, 47
1558491804.467529, 48
1558491804.484054, 50
1558491804.500242, 48
1558491804.520998, 48
1558491804.537011, 46
1558491804.552871, 47
1558491804.568830, 48
1558491804.585136, 50
1558491804.602880, 48
1558491804.621944, 49
1558491804.641489, 49
1558491804.659521, 48
1558491804.677511, 48
1558491804.694784, 47
1558491804.713360, 47
1558491804.740730, 48
1558491804.768206, 48
1558491804.795782, 49
1558491804.831273, 48
1558491804.850822, 48
1558491804.868999, 49
1558491804.898720, 49
1558491804.941490, 49
1558491804.980991, 50
1558491805.008082, 48
1558491805.036364, 48
1558491805.051816, 49
1558491805.067352, 48
1558491805.083261, 47
1558491805.100709, 47
1558491805.118249, 48
1558491805.135828, 47
1558491805.152328, 40
1558491805.168671, 40
1558491805.186829, 39
1558491805.202483, 41
1558491805.218213, 38
1558491805.233407, 31
1558491805.249256, 24
1558491805.265111, 20
1558491805.284789, 20
1558491805.302019, 22
1558491805.320027, 21
1558491805.346083, 22
1558491805.363013, 21
1558491805.386459, 22
1558491805.405397, 22
1558491805.424277, 23
1558491805.442369, 23
1558491805.458777, 22
1558491805.483834, 22
1558491805.499152, 23
1558491805.516013, 24
1558491805.531703, 24
1558491805.547088, 23
1558491805.565113, 24
1558491805.580688, 23
1558491805.603456, 25
1558491805.626213, 25
1558491805.643448, 24
1558491805.669517, 24
1558491805.685691, 24
1558491805.702482, 25
1558491805.719368, 25
1558491805.735813, 24
1558491805.758399, 24
1558491805.775811, 25
1558491805.794022, 26
1558491805.812219, 26
1558491805.831624, 26
1558491805.847084, 26
1558491805.863407, 26
1558491805.878808, 25
1558491805.894430, 25
1558491805.911438, 25
1558491805.926681, 27
1558491805.944734, 26
1558491805.961333, 25
1558491805.976722, 25
1558491805.992016, 26
1558491806.007496, 27
1558491806.023109, 27
1558491806.039036, 26
1558491806.054677, 27
1558491806.069815, 26
1558491806.085053, 26
1558491806.100861, 28
1558491806.116314, 28
1558491806.131306, 27
1558491806.146886, 27
1558491806.162876, 28
1558491806.178432, 26
1558491806.194058, 28
1558491806.210152, 28
1558491806.226149, 28
1558491806.243611, 29
1558491806.260701, 30
1558491806.277029, 28
1558491806.293017, 28
1558491806.311254, 29
1558491806.333107, 29
1558491806.351706, 29
1558491806.381846, 27
1558491806.407955, 30
1558491806.448899, 29
1558491806.552071, 29
1558491806.582990, 30
1558491806.610959, 29
1558491806.634712, 30
1558491806.660972, 31
1558491806.682501, 30
1558491806.699252, 29
1558491806.716779, 32
1558491806.733735, 31
1558491806.751099, 31
1558491806.772704, 31
1558491806.789656, 30
1558491806.807549, 30
1558491806.826258, 33
1558491806.851043, 32
1558491806.868429, 33
1558491806.890935, 31
1558491806.917126, 33
1558491806.943375, 32
1558491806.964311, 33
1558491806.984677, 31
1558491807.001702, 31
1558491807.018195, 33
1558491807.037622, 34
1558491807.054192, 33
1558491807.070537, 32
1558491807.086620, 33
1558491807.102528, 32
1558491807.122919, 32
1558491807.139405, 33
1558491807.156934, 34
1558491807.175587, 32
1558491807.194900, 33
1558491807.210777, 33
1558491807.226776, 34
1558491807.243687, 35
1558491807.262154, 35
1558491807.278166, 34
1558491807.294594, 33
1558491807.310596, 33
1558491807.328540, 34
1558491807.345273, 34
1558491807.361156, 33
1558491807.377149, 34
1558491807.393419, 35
1558491807.410535, 35
1558491807.427854, 35
1558491807.443569, 34
1558491807.459436, 34
1558491807.475829, 36
1558491807.492448, 35
1558491807.509899, 34
1558491807.528828, 35
1558491807.546861, 35
1558491807.688489, 37
1558491807.742065, 35
1558491807.769215, 35
1558491807.789351, 36
1558491807.810116, 36
1558491807.831996, 36
1558491807.853363, 35
1558491807.883367, 37
1558491807.909443, 37
1558491807.963596, 37
1558491807.983456, 38
1558491807.999451, 38
1558491808.020257, 35
1558491808.037270, 38
1558491808.057938, 37
1558491808.080272, 35
1558491808.097783, 37
1558491808.114762, 38
1558491808.131524, 37
1558491808.156781, 38
1558491808.177288, 37
1558491808.215111, 37
1558491808.244142, 37
1558491808.265707, 39
1558491808.283872, 38
1558491808.299877, 38
1558491808.316692, 39
1558491808.335367, 38
1558491808.351787, 38
1558491808.367410, 39
1558491808.388293, 38
1558491808.405173, 39
1558491808.422713, 40
1558491808.439646, 39
1558491808.456336, 39
1558491808.480541, 40
1558491808.510805, 39
1558491808.535564, 39
1558491808.563856, 40
1558491808.584161, 40
1558491808.604839, 38
1558491808.643713, 40
1558491808.662004, 39
1558491808.682217, 39
1558491808.699054, 40
1558491808.715569, 40
1558491808.731182, 40
1558491808.748512, 40
1558491808.766602, 40
1558491808.795391, 41
1558491808.817413, 40
1558491808.844024, 40
1558491808.862807, 41
1558491808.878465, 42
1558491808.896826, 41
1558491808.912616, 40
1558491808.929207, 42
1558491808.947123, 42
1558491808.964647, 41
1558491808.980549, 41
1558491808.995644, 41
1558491809.011670, 41
1558491809.030190, 41
1558491809.050870, 41
1558491809.065837, 41
1558491809.082378, 42
1558491809.097454, 43
1558491809.113872, 42
1558491809.129958, 42
1558491809.161836, 45
1558491809.178265, 42
1558491809.193369, 43
1558491809.210000, 42
1558491809.225688, 42
1558491809.241777, 42
1558491809.257692, 42
1558491809.274343, 42
1558491809.291233, 42
1558491809.308227, 42
1558491809.324944, 43
1558491809.341763, 44
1558491809.358853, 43
1558491809.374726, 42
1558491809.391800, 44
1558491809.408147, 44
1558491809.427835, 43
1558491809.443266, 43
1558491809.459735, 43
1558491809.475509, 43
1558491809.491498, 44
1558491809.506929, 43
1558491809.522977, 42
1558491809.574856, 43
1558491809.617963, 44
1558491809.644212, 44
1558491809.667715, 44
1558491809.690686, 44
1558491809.710306, 45
1558491809.726410, 44
1558491809.742845, 44
1558491809.759389, 44
1558491809.775364, 45
1558491809.791039, 44
1558491809.806447, 44
1558491809.821474, 46
1558491809.836436, 45
1558491809.851314, 46
1558491809.872271, 45
1558491809.890100, 45
1558491809.906541, 46
1558491809.924101, 46
1558491809.941351, 46
1558491809.957305, 46
1558491809.972937, 45
1558491809.988603, 45
1558491810.004193, 45
1558491810.019455, 45
1558491810.035004, 45
1558491810.050044, 46
1558491810.065099, 47
1558491810.080385, 46
1558491810.095955, 46
1558491810.111885, 46
1558491810.131220, 47
1558491810.147221, 46
1558491810.163721, 46
1558491810.179606, 47
1558491810.197103, 46
1558491810.214526, 47
1558491810.232765, 47
1558491810.253588, 46
1558491810.271986, 47
1558491810.291646, 46
1558491810.311334, 50
1558491810.339317, 47
1558491810.362065, 48
1558491810.381313, 48
1558491810.405993, 48
1558491810.434276, 46
1558491810.457767, 49
1558491810.482239, 47
1558491810.507010, 47
1558491810.542454, 48
1558491810.572913, 46
1558491810.593873, 46
1558491810.613944, 48
1558491810.636869, 48
1558491810.656806, 47
1558491810.677789, 46
1558491810.701714, 46
1558491810.717870, 48
1558491810.737681, 46
1558491810.757685, 47
1558491810.774920, 45
1558491810.797644, 44
1558491810.816929, 34
1558491810.839667, 25
1558491810.859862, 21
1558491810.877597, 19
1558491810.895774, 20
1558491810.916780, 21
1558491810.937589, 21
1558491810.956563, 21
1558491810.975514, 21
1558491810.993630, 21
1558491811.009517, 22
1558491811.023604, 22
1558491811.038473, 22
1558491811.052507, 22
1558491811.066489, 23
1558491811.081439, 23
1558491811.095617, 22
1558491811.109563, 22
1558491811.124522, 21
1558491811.138590, 24
1558491811.152650, 23
1558491811.166572, 24
1558491811.181562, 22
1558491811.195489, 23
1558491811.209388, 22
1558491811.224525, 23
1558491811.239488, 24
1558491811.253467, 24
1558491811.267582, 25
1558491811.281468, 22
1558491811.295403, 23
1558491811.310400, 23
1558491811.324475, 24
1558491811.338369, 25
1558491811.352439, 24
1558491811.366380, 26
1558491811.379852, 25
1558491811.393228, 24
1558491811.406993, 24
1558491811.420988, 25
1558491811.435313, 26
1558491811.453079, 25
1558491811.471727, 26
1558491811.489964, 25
1558491811.513012, 25
1558491811.530618, 27
1558491811.549411, 26
1558491811.567426, 27
1558491811.585456, 27
1558491811.603139, 27
1558491811.620695, 25
1558491811.639577, 26
1558491811.657908, 27
1558491811.675592, 27
1558491811.695023, 26
1558491811.713204, 26
1558491811.730915, 27
1558491811.749775, 29
1558491811.768115, 28
1558491811.787045, 28
1558491811.804550, 27
1558491811.823821, 26
1558491811.844198, 29
1558491811.869542, 27
1558491811.889659, 26
1558491811.910817, 28
1558491811.930033, 28
1558491811.946335, 28
1558491811.962093, 29
1558491811.978174, 30
1558491811.994912, 30
1558491812.011046, 29
1558491812.028014, 29
1558491812.046177, 30
1558491812.065749, 30
1558491812.082807, 31
1558491812.103071, 29
1558491812.119437, 27
1558491812.135257, 30
1558491812.151619, 30
1558491812.168217, 30
1558491812.185637, 30
1558491812.201361, 29
1558491812.218193, 30
1558491812.234749, 30
1558491812.250834, 32
1558491812.267382, 31
1558491812.283861, 30
1558491812.299535, 32
1558491812.315851, 30
1558491812.332292, 30
1558491812.348562, 31
1558491812.364872, 30
1558491812.380412, 31
1558491812.396569, 31
1558491812.412926, 30
1558491812.428959, 31
1558491812.445882, 32
1558491812.462152, 33
1558491812.478384, 31
1558491812.494315, 31
1558491812.510510, 31
1558491812.526511, 31
1558491812.542665, 33
1558491812.559458, 33
1558491812.575637, 32
1558491812.596165, 33
1558491812.612154, 33
1558491812.628674, 32
1558491812.647211, 33
1558491812.663002, 32
1558491812.678954, 33
1558491812.695077, 33
1558491812.710978, 34
1558491812.729074, 32
1558491812.748364, 33
1558491812.764692, 34
1558491812.781074, 34
1558491812.797184, 33
1558491812.813827, 32
1558491812.830350, 33
1558491812.847942, 34
1558491812.864041, 33
1558491812.879899, 34
1558491812.895991, 35
1558491812.912122, 34
1558491812.928252, 34
1558491812.947952, 34
1558491812.964024, 34
1558491812.980668, 34
1558491812.996762, 35
1558491813.012832, 36
1558491813.028873, 34
1558491813.047274, 36
1558491813.063811, 35
1558491813.079827, 34
1558491813.096065, 36
1558491813.113785, 36
1558491813.131053, 34
1558491813.150161, 35
1558491813.169920, 37
1558491813.191773, 36
1558491813.208483, 36
1558491813.224792, 35
1558491813.240991, 36
1558491813.257194, 36
1558491813.273275, 37
1558491813.290082, 36
1558491813.307381, 36
1558491813.324799, 36
1558491813.341619, 37
1558491813.358755, 36
1558491813.375531, 38
1558491813.392371, 38
1558491813.409279, 37
1558491813.426651, 36
1558491813.443472, 37
1558491813.460405, 36
1558491813.476660, 38
1558491813.494010, 38
1558491813.511512, 37
1558491813.532266, 37
1558491813.560311, 36
1558491813.579454, 39
1558491813.606261, 38
1558491813.637615, 38
1558491813.662253, 39
1558491813.687578, 38
1558491813.708475, 38
1558491813.727406, 37
1558491813.745353, 39
1558491813.769243, 39
1558491813.787748, 39
1558491813.809487, 40
1558491813.827602, 38
1558491813.847629, 39
1558491813.865605, 39
1558491813.885133, 38
1558491813.904918, 39
1558491813.924221, 39
1558491813.942161, 40
1558491813.958488, 38
1558491813.977578, 40
1558491813.996018, 39
1558491814.012883, 40
1558491814.029808, 40
1558491814.048290, 41
1558491814.064666, 40
1558491814.080413, 40
1558491814.100013, 41
1558491814.120721, 40
1558491814.141376, 40
1558491814.159300, 41
1558491814.176640, 40
1558491814.200175, 40
1558491814.222296, 41
1558491814.243539, 41
1558491814.265988, 41
1558491814.290830, 41
1558491814.312102, 41
1558491814.334400, 40
1558491814.358135, 41
1558491814.379631, 41
1558491814.403555, 42
1558491814.427330, 41
1558491814.447041, 42
1558491814.466090, 42
1558491814.490540, 42
1558491814.512918, 43
1558491814.536841, 42
1558491814.554192, 41
1558491814.573769, 42
1558491814.597610, 42
1558491814.616102, 43
1558491814.635795, 42
1558491814.657516, 42
1558491814.677727, 43
1558491814.696158, 43
1558491814.718313, 43
1558491814.735763, 44
1558491814.760159, 43
1558491814.779829, 44
1558491814.799463, 43
1558491814.819061, 42
1558491814.836919, 43
1558491814.855983, 44
1558491814.875032, 42
1558491814.894581, 43
1558491814.912626, 44
1558491814.931054, 44
1558491814.948978, 46
1558491814.967052, 44
1558491814.987706, 44
1558491815.006604, 45
1558491815.026848, 45
1558491815.048658, 46
1558491815.067780, 44
1558491815.084973, 44
1558491815.101302, 44
1558491815.117609, 44
1558491815.135526, 44
1558491815.152920, 46
1558491815.170409, 46
1558491815.187772, 45
1558491815.205838, 45
1558491815.223831, 45
1558491815.241620, 45
1558491815.259633, 45
1558491815.276456, 45
1558491815.292250, 45
1558491815.339827, 44
1558491815.361838, 46
1558491815.379660, 46
1558491815.397290, 45
1558491815.416238, 46
1558491815.432245, 44
1558491815.448208, 46
1558491815.465159, 47
1558491815.480138, 46
1558491815.495631, 46
1558491815.511205, 46
1558491815.527606, 46
1558491815.543098, 46
1558491815.558497, 47
1558491815.573532, 47
1558491815.590000, 46
1558491815.609931, 47
1558491815.630445, 47
1558491815.647302, 46
1558491815.663977, 46
1558491815.681290, 46
1558491815.697784, 47
1558491815.714732, 46
1558491815.730641, 48
1558491815.747160, 47
1558491815.763576, 47
1558491815.780573, 47
1558491815.796584, 47
1558491815.811990, 47
1558491815.829987, 48
1558491815.846491, 48
1558491815.863990, 49
1558491815.881844, 48
1558491815.898363, 48
1558491815.915904, 47
1558491815.932284, 48
1558491815.950768, 48
1558491815.969722, 47
1558491815.985126, 48
1558491816.001663, 48
1558491816.018570, 48
1558491816.035545, 48
1558491816.051590, 49
1558491816.071472, 48
1558491816.088631, 47
1558491816.104953, 47
1558491816.122362, 48
1558491816.138386, 48
1558491816.154311, 48
1558491816.171279, 48
1558491816.188295, 48
1558491816.205294, 47
1558491816.222237, 47
1558491816.239705, 48
1558491816.256111, 47
1558491816.272257, 47
1558491816.289549, 46
1558491816.306096, 44
1558491816.322040, 37
1558491816.338482, 30
1558491816.355030, 22
1558491816.375978, 22
1558491816.392354, 22
1558491816.409065, 22
1558491816.427293, 20
1558491816.447817, 21
1558491816.464735, 22
1558491816.483292, 23
1558491816.501145, 22
1558491816.516614, 21
1558491816.533095, 21
1558491816.550183, 20
1558491816.565565, 23
1558491816.582966, 23
1558491816.597949, 23
1558491816.613144, 23
1558491816.629920, 23
1558491816.644856, 22
1558491816.660932, 23
1558491816.677900, 23
1558491816.692515, 24
1558491816.706888, 24
1558491816.721305, 24
1558491816.735895, 23
1558491816.750097, 23
1558491816.764993, 23
1558491816.779078, 24
1558491816.793077, 25
1558491816.808190, 24
1558491816.822764, 26
1558491816.837155, 23
1558491816.851740, 23
1558491816.866200, 25
1558491816.880686, 26
1558491816.895146, 25
1558491816.909403, 25
1558491816.923636, 25
1558491816.940173, 25
1558491816.956729, 24
1558491816.972892, 26
1558491816.989588, 26
1558491817.006014, 26
1558491817.024737, 27
1558491817.042095, 25
1558491817.059214, 26
1558491817.076098, 26
1558491817.095483, 27
1558491817.111998, 27
1558491817.128899, 26
1558491817.144902, 26
1558491817.161523, 26
1558491817.178310, 28
1558491817.194434, 27
1558491817.210690, 26
1558491817.226591, 27
1558491817.242453, 26
1558491817.258559, 28
1558491817.274690, 28
1558491817.291663, 27
1558491817.308809, 28
1558491817.325860, 28
1558491817.342840, 27
1558491817.359508, 28
1558491817.375655, 29
1558491817.393242, 28
1558491817.409074, 29
1558491817.425832, 29
1558491817.444317, 27
1558491817.462206, 28
1558491817.480334, 29
1558491817.498505, 30
1558491817.518385, 29
1558491817.543833, 28
1558491817.565285, 29
1558491817.584324, 30
1558491817.604297, 29
1558491817.631367, 30
1558491817.649639, 29
1558491817.668077, 30
1558491817.707328, 30
1558491817.725939, 30
1558491817.744537, 31
1558491817.762557, 30
1558491817.781338, 30
1558491817.798904, 32
1558491817.817181, 31
1558491817.835594, 30
1558491817.854240, 30
1558491817.872965, 30
1558491817.891611, 31
1558491817.913813, 32
1558491817.933800, 32
1558491817.949143, 31
1558491817.964311, 31
1558491817.979539, 32
1558491817.994974, 32
1558491818.010413, 32
1558491818.028358, 32
1558491818.043591, 32
1558491818.060840, 32
1558491818.081150, 32
1558491818.096662, 32
1558491818.113113, 32
1558491818.129103, 33
1558491818.146093, 32
1558491818.162064, 31
1558491818.178541, 31
1558491818.193938, 33
1558491818.209652, 32
1558491818.230381, 34
1558491818.246313, 34
1558491818.262782, 32
1558491818.278544, 32
1558491818.294280, 34
1558491818.310802, 34
1558491818.327207, 34
1558491818.345843, 34
1558491818.366078, 32
1558491818.382103, 33
1558491818.399081, 34
1558491818.415050, 34
1558491818.430493, 33
1558491818.446472, 34
1558491818.461951, 34
1558491818.481414, 34
1558491818.497841, 34
1558491818.513363, 35
1558491818.532264, 35
1558491818.549325, 33
1558491818.565261, 34
1558491818.581675, 36
1558491818.597638, 36
1558491818.616617, 35
1558491818.636739, 34
1558491818.662588, 35
1558491818.681080, 35
1558491818.700609, 36
1558491818.718965, 36
1558491818.735911, 36
1558491818.753923, 35
1558491818.769009, 34
1558491818.785131, 36
1558491818.800479, 36
1558491818.816100, 36
1558491818.831173, 37
1558491818.846566, 36
1558491818.861728, 35
1558491818.877677, 36
1558491818.893066, 37
1558491818.908717, 37
1558491818.924492, 37
1558491818.940582, 37
1558491818.956720, 37
1558491818.972310, 36
1558491818.987666, 37
1558491819.004205, 37
1558491819.020731, 36
1558491819.036491, 36
1558491819.051431, 36
1558491819.068172, 36
1558491819.083581, 37
1558491819.098634, 38
1558491819.113636, 39
1558491819.129027, 38
1558491819.144383, 38
1558491819.159877, 39
1558491819.175495, 38
1558491819.190582, 38
1558491819.206633, 38
1558491819.221719, 38
1558491819.237641, 38
1558491819.252702, 38
1558491819.267923, 38
1558491819.283198, 37
1558491819.298325, 37
1558491819.313833, 39
1558491819.329297, 40
1558491819.344537, 39
1558491819.359760, 39
1558491819.374952, 38
1558491819.390894, 39
1558491819.408038, 38
1558491819.424085, 39
1558491819.442685, 40
1558491819.460483, 39
1558491819.478161, 39
1558491819.495780, 40
1558491819.513556, 40
1558491819.530846, 41
1558491819.549405, 41
1558491819.567595, 40
1558491819.585081, 39
1558491819.603918, 41
1558491819.622155, 40
1558491819.640289, 40
1558491819.660521, 41
1558491819.678440, 41
1558491819.695975, 41
1558491819.713724, 40
1558491819.737665, 40
1558491819.757832, 41
1558491819.779149, 39
1558491819.800962, 41
1558491819.823239, 42
1558491819.843242, 41
1558491819.861455, 42
1558491819.879758, 42
1558491819.897733, 41
1558491819.916317, 41
1558491819.934232, 41
1558491819.949836, 41
1558491819.964865, 42
1558491819.980197, 42
1558491819.995923, 42
1558491820.011211, 42
1558491820.026569, 42
1558491820.042034, 42
1558491820.058720, 41
1558491820.073813, 42
1558491820.089745, 43
1558491820.106334, 42
1558491820.122112, 43
1558491820.138204, 41
1558491820.154240, 42
1558491820.170733, 42
1558491820.188665, 44
1558491820.204831, 43
1558491820.220451, 43
1558491820.236035, 42
1558491820.250958, 43
1558491820.266432, 44
1558491820.281941, 43
1558491820.297123, 44
1558491820.312283, 44
1558491820.331239, 43
1558491820.347334, 43
1558491820.364663, 43
1558491820.382733, 43
1558491820.401059, 44
1558491820.420645, 44
1558491820.439969, 43
1558491820.459557, 44
1558491820.478970, 44
1558491820.498426, 44
1558491820.517879, 44
1558491820.537154, 45
1558491820.555908, 45
1558491820.575852, 44
1558491820.595210, 46
1558491820.614538, 44
1558491820.633122, 45
1558491820.651123, 45
1558491820.670692, 45
1558491820.690543, 45
1558491820.708971, 44
1558491820.727934, 45
1558491820.746891, 46
1558491820.765861, 45
1558491820.784874, 45
1558491820.801877, 45
1558491820.818339, 45
1558491820.834237, 45
1558491820.851339, 45
1558491820.868887, 45
1558491820.886144, 46
1558491820.904225, 46
1558491820.925156, 46
1558491820.943874, 45
1558491820.960064, 46
1558491820.977145, 47
1558491820.993514, 46
1558491821.009014, 47
1558491821.026118, 46
1558491821.042192, 47
1558491821.060195, 46
1558491821.076719, 46
1558491821.092836, 46
1558491821.108851, 46
1558491821.124860, 46
1558491821.141054, 46
1558491821.157213, 47
1558491821.174502, 46
1558491821.190654, 47
1558491821.207116, 47
1558491821.223362, 47
1558491821.239984, 48
1558491821.255839, 47
1558491821.271821, 48
1558491821.287902, 47
1558491821.303849, 48
1558491821.319505, 47
1558491821.335449, 48
1558491821.350697, 47
1558491821.366363, 47
1558491821.382116, 47
1558491821.398107, 47
1558491821.413721, 48
1558491821.429717, 48
1558491821.447466, 49
1558491821.465161, 49
1558491821.484234, 48
1558491821.502367, 49
1558491821.520669, 48
1558491821.539582, 48
1558491821.560252, 49
1558491821.578394, 49
1558491821.596608, 49
1558491821.614276, 48
1558491821.631787, 50
1558491821.650201, 49
1558491821.668558, 49
1558491821.688373, 50
1558491821.707450, 49
1558491821.726486, 49
1558491821.744060, 48
1558491821.762326, 48
1558491821.781858, 48
1558491821.802428, 50
1558491821.827785, 48
1558491821.848674, 48
1558491821.866676, 47
1558491821.884663, 48
1558491821.903778, 49
1558491821.932046, 47
1558491821.955094, 45
1558491821.975506, 37
1558491821.995403, 27
1558491822.017362, 23
1558491822.032846, 21
1558491822.050582, 20
1558491822.071239, 21
1558491822.088264, 21
1558491822.105671, 22
1558491822.121640, 22
1558491822.140164, 23
1558491822.156623, 22
1558491822.172723, 23
1558491822.189019, 22
1558491822.207037, 23
1558491822.222957, 24
1558491822.241905, 24
1558491822.257928, 24
1558491822.277907, 22
1558491822.294356, 22
1558491822.310500, 24
1558491822.330804, 24
1558491822.347285, 24
1558491822.362679, 22
1558491822.379358, 23
1558491822.395109, 23
1558491822.413609, 25
1558491822.429051, 24
1558491822.448540, 25
1558491822.465018, 25
1558491822.480556, 24
1558491822.496456, 24
1558491822.511936, 25
1558491822.528885, 24
1558491822.545030, 25
1558491822.560332, 25
1558491822.576025, 25
1558491822.593565, 24
1558491822.609040, 25
1558491822.625738, 26
1558491822.642666, 26
1558491822.658213, 26
1558491822.674134, 25
1558491822.689522, 26
1558491822.705403, 25
1558491822.721869, 27
1558491822.737844, 27
1558491822.753817, 26
1558491822.769133, 28
1558491822.784327, 26
1558491822.799582, 26
1558491822.815057, 27
1558491822.830262, 27
1558491822.845729, 27
1558491822.861258, 28
1558491822.876265, 26
1558491822.891570, 27
1558491822.907024, 27
1558491822.924046, 29
1558491822.940628, 28
1558491822.956861, 28
1558491822.973091, 28
1558491822.989071, 28
1558491823.007540, 28
1558491823.026138, 28
1558491823.047072, 29
1558491823.065991, 28
1558491823.083875, 28
1558491823.100979, 28
1558491823.118002, 28
1558491823.133977, 29
1558491823.150482, 29
1558491823.166541, 30
1558491823.183095, 28
1558491823.199025, 28
1558491823.215017, 30
1558491823.231100, 29
1558491823.246983, 29
1558491823.263231, 30
1558491823.279377, 29
1558491823.295480, 29
1558491823.311736, 29
1558491823.328065, 31
1558491823.344714, 30
1558491823.360909, 31
1558491823.376647, 31
1558491823.393555, 30
1558491823.411864, 29
1558491823.428018, 31
1558491823.447076, 30
1558491823.463083, 31
1558491823.479458, 32
1558491823.495680, 29
1558491823.511441, 30
1558491823.527664, 32
1558491823.543748, 33
1558491823.560659, 31
1558491823.576400, 32
1558491823.592836, 31
1558491823.609239, 30
1558491823.625036, 32
1558491823.641439, 32
1558491823.658614, 31
1558491823.674748, 32
1558491823.691627, 33
1558491823.708009, 32
1558491823.728080, 32
1558491823.744184, 31
1558491823.760137, 33
1558491823.776346, 33
1558491823.792046, 33
1558491823.808496, 33
1558491823.828778, 32
1558491823.844918, 33
1558491823.860594, 33
1558491823.876546, 33
1558491823.892754, 32
1558491823.908653, 33
1558491823.928612, 34
1558491823.950209, 33
1558491823.968597, 35
1558491823.987017, 34
1558491824.005758, 33
1558491824.024837, 35
1558491824.043971, 34
1558491824.064237, 35
1558491824.082075, 35
1558491824.100160, 34
1558491824.119123, 35
1558491824.140074, 36
1558491824.160099, 36
1558491824.181485, 35
1558491824.200901, 34
1558491824.222148, 36
1558491824.240724, 35
1558491824.259143, 34
1558491824.276529, 36
1558491824.295118, 36
1558491824.313109, 35
1558491824.334285, 37
1558491824.352882, 36
1558491824.372677, 36
1558491824.391582, 36
1558491824.409724, 36
1558491824.428272, 36
1558491824.444033, 36
1558491824.460081, 37
1558491824.476594, 37
1558491824.493340, 36
1558491824.509329, 36
1558491824.525402, 37
1558491824.541645, 37
1558491824.558191, 38
1558491824.574441, 37
1558491824.591041, 36
1558491824.608130, 36
1558491824.625026, 37
1558491824.641712, 37
1558491824.657665, 37
1558491824.673992, 38
1558491824.690022, 38
1558491824.707097, 38
1558491824.723496, 39
1558491824.740946, 38
1558491824.757736, 38
1558491824.774241, 38
1558491824.790997, 39
1558491824.807076, 38
1558491824.823808, 39
1558491824.840841, 39
1558491824.857391, 38
1558491824.873441, 40
1558491824.890355, 40
1558491824.906675, 40
1558491824.923943, 39
1558491824.942697, 40
1558491824.964407, 39
1558491824.985774, 39
1558491825.004860, 39
1558491825.024105, 39
1558491825.044779, 39
1558491825.063729, 39
1558491825.081850, 38
1558491825.099730, 41
1558491825.117293, 40
1558491825.135129, 40
1558491825.153692, 41
1558491825.172731, 40
1558491825.190558, 40
1558491825.208498, 40
1558491825.229020, 41
1558491825.249115, 41
1558491825.269743, 40
1558491825.290285, 40
1558491825.311275, 42
1558491825.332176, 41
1558491825.352153, 41
1558491825.371594, 42
1558491825.390996, 42
1558491825.409310, 40
1558491825.426949, 41
1558491825.444915, 41
1558491825.460792, 41
1558491825.477342, 42
1558491825.492778, 41
1558491825.508296, 40
1558491825.524606, 41
1558491825.541042, 43
1558491825.559877, 43
1558491825.576432, 41
1558491825.592938, 42
1558491825.609289, 43
1558491825.625263, 42
1558491825.640837, 42
1558491825.660269, 43
1558491825.676220, 41
1558491825.692199, 42
1558491825.708610, 42
1558491825.729199, 42
1558491825.750136, 42
1558491825.772055, 43
1558491825.793984, 43
1558491825.814486, 44
1558491825.834535, 42
1558491825.855786, 43
1558491825.877027, 43
1558491825.897717, 44
1558491825.915410, 45
1558491825.937138, 44
1558491825.959278, 44
1558491825.980087, 45
1558491826.004510, 44
1558491826.026054, 45
1558491826.046566, 44
1558491826.066858, 44
1558491826.082459, 45
1558491826.097819, 44
1558491826.113322, 43
1558491826.129242, 44
1558491826.144866, 44
1558491826.165263, 44
1558491826.184766, 44
1558491826.200153, 44
1558491826.217098, 45
1558491826.233073, 45
1558491826.249054, 45
1558491826.265068, 45
1558491826.280555, 45
1558491826.297939, 46
1558491826.314115, 45
1558491826.329127, 45
1558491826.344436, 46
1558491826.361516, 46
1558491826.378436, 45
1558491826.395622, 45
1558491826.412573, 45
1558491826.428536, 45
1558491826.443471, 46
1558491826.458472, 45
1558491826.473550, 45
1558491826.488731, 46
1558491826.503510, 45
1558491826.518426, 46
1558491826.533531, 47
1558491826.548475, 47
1558491826.563347, 46
1558491826.578512, 47
1558491826.593523, 46
1558491826.608407, 47
1558491826.624354, 46
1558491826.640374, 46
1558491826.657478, 47
1558491826.677246, 46
1558491826.693065, 46
1558491826.710320, 46
1558491826.725390, 46
1558491826.741456, 47
1558491826.757408, 47
1558491826.773302, 46
1558491826.789394, 46
1558491826.805260, 46
1558491826.820380, 47
1558491826.835224, 47
1558491826.850131, 47
1558491826.865263, 47
1558491826.880274, 48
1558491826.895307, 47
1558491826.910237, 47
1558491826.925834, 48
1558491826.946577, 48
1558491826.968336, 47
1558491826.989575, 46
1558491827.010478, 49
1558491827.031188, 48
1558491827.052303, 50
1558491827.077419, 47
1558491827.098288, 47
1558491827.120137, 48
1558491827.141462, 49
1558491827.162100, 48
1558491827.184048, 48
1558491827.208739, 49
1558491827.234087, 48
1558491827.257379, 49
1558491827.279207, 48
1558491827.300167, 48
1558491827.321068, 48
1558491827.342945, 48
1558491827.363252, 48
1558491827.384243, 48
1558491827.406334, 48
1558491827.426986, 46
1558491827.443841, 48
1558491827.460893, 50
1558491827.477808, 47
1558491827.494846, 47
1558491827.515873, 40
1558491827.531895, 34
1558491827.547853, 27
1558491827.565950, 23
1558491827.581708, 22
1558491827.597943, 21
1558491827.613657, 21
1558491827.629727, 21
1558491827.645786, 20
1558491827.665775, 23
1558491827.682794, 21
1558491827.698852, 21
1558491827.714719, 23
1558491827.730857, 22
1558491827.748677, 22
1558491827.764827, 22
1558491827.780634, 22
1558491827.796795, 23
1558491827.815760, 22
1558491827.831684, 22
1558491827.847694, 22
1558491827.863672, 23
1558491827.879727, 24
1558491827.895592, 24
1558491827.911744, 24
1558491827.928701, 22
1558491827.944522, 23
1558491827.960541, 24
1558491827.976685, 24
1558491827.992527, 24
1558491828.008622, 25
1558491828.024630, 23
1558491828.040516, 23
1558491828.056478, 24
1558491828.072581, 25
1558491828.089435, 26
1558491828.105660, 26
1558491828.122572, 23
1558491828.138538, 24
1558491828.154499, 25
1558491828.170379, 26
1558491828.186582, 25
1558491828.202658, 25
1558491828.219596, 24
1558491828.235490, 26
1558491828.251388, 25
1558491828.267317, 26
1558491828.283426, 25
1558491828.299297, 27
1558491828.315379, 27
1558491828.331393, 26
1558491828.347268, 26
1558491828.363401, 26
1558491828.379519, 28
1558491828.395550, 28
1558491828.411652, 27
1558491828.429791, 26
1558491828.448735, 27
1558491828.471061, 28
1558491828.490774, 28
1558491828.510871, 28
1558491828.529837, 27
1558491828.552240, 27
1558491828.571145, 28
1558491828.591417, 28
1558491828.611526, 29
1558491828.630516, 28
1558491828.648838, 28
1558491828.667167, 30
1558491828.684669, 28
1558491828.703080, 30
1558491828.721035, 30
1558491828.739105, 29
1558491828.756783, 28
1558491828.774744, 30
1558491828.792978, 30
1558491828.811928, 30
1558491828.830202, 30
1558491828.847556, 29
1558491828.867826, 30
1558491828.886135, 31
1558491828.904868, 31
1558491828.924825, 31
1558491828.941204, 31
1558491828.957298, 30
1558491828.976892, 32
1558491828.992950, 32
1558491829.009137, 31
1558491829.025295, 31
1558491829.041356, 30
1558491829.058136, 32
1558491829.074748, 32
1558491829.090929, 31
1558491829.107691, 32
1558491829.123767, 31
1558491829.139817, 31
1558491829.156717, 31
1558491829.178324, 31
1558491829.193893, 32
1558491829.209872, 32
1558491829.226602, 31
1558491829.242758, 32
1558491829.260793, 32
1558491829.279903, 33
1558491829.295912, 31
1558491829.312684, 34
1558491829.330014, 34
1558491829.347456, 32
1558491829.363582, 33
1558491829.387039, 33
1558491829.404829, 34
1558491829.427351, 35
1558491829.443692, 34
1558491829.460555, 33
1558491829.481668, 35
1558491829.501595, 34
1558491829.518554, 34
1558491829.536033, 35
1558491829.553621, 33
1558491829.572914, 34
1558491829.589904, 35
1558491829.607459, 34
1558491829.624947, 34
1558491829.642526, 36
1558491829.665459, 35
1558491829.687706, 35
1558491829.710373, 35
1558491829.732151, 36
1558491829.753762, 34
1558491829.772484, 35
1558491829.793398, 35
1558491829.809869, 37
1558491829.831501, 36
1558491829.848512, 35
1558491829.870642, 36
1558491829.887547, 36
1558491829.905229, 36
1558491829.924107, 36
1558491829.940844, 36
1558491829.957852, 35
1558491829.974211, 36
1558491829.990580, 36
1558491830.010469, 37
1558491830.026271, 37
1558491830.043236, 37
1558491830.060779, 36
1558491830.077131, 37
1558491830.095305, 37
1558491830.111048, 38
1558491830.128758, 36
1558491830.144413, 37
1558491830.160150, 37
1558491830.176075, 37
1558491830.191816, 37
1558491830.207254, 37
1558491830.223327, 37
1558491830.238978, 39
1558491830.255378, 39
1558491830.271770, 37
1558491830.288203, 39
1558491830.303918, 38
1558491830.319749, 38
1558491830.335290, 38
1558491830.350862, 38
1558491830.366612, 37
1558491830.381997, 38
1558491830.397505, 38
1558491830.412870, 39
1558491830.428885, 39
1558491830.443815, 40
1558491830.458885, 39
1558491830.474095, 38
1558491830.489549, 39
1558491830.504954, 39
1558491830.522412, 40
1558491830.538189, 39
1558491830.553287, 39
1558491830.568919, 39
1558491830.584082, 40
1558491830.599291, 39
1558491830.614752, 40
1558491830.629951, 39
1558491830.645260, 40
1558491830.660827, 40
1558491830.676070, 39
1558491830.691348, 40
1558491830.706770, 39
1558491830.722559, 40
1558491830.738194, 40
1558491830.754506, 40
1558491830.775428, 38
1558491830.791178, 40
1558491830.808444, 40
1558491830.826093, 40
1558491830.841263, 40
1558491830.857131, 39
1558491830.873141, 40
1558491830.889244, 41
1558491830.904860, 42
1558491830.921726, 41
1558491830.939695, 42
1558491830.957528, 42
1558491830.975742, 40
1558491830.994419, 41
1558491831.012270, 41
1558491831.032359, 42
1558491831.050023, 42
1558491831.068710, 42
1558491831.091396, 41
1558491831.110157, 43
1558491831.127877, 42
1558491831.145989, 41
1558491831.163586, 42
1558491831.182059, 43
1558491831.200084, 43
1558491831.217891, 42
1558491831.236335, 43
1558491831.254239, 43
1558491831.271984, 42
1558491831.290330, 43
1558491831.308444, 43
1558491831.326348, 43
1558491831.344648, 43
1558491831.362147, 43
1558491831.380144, 44
1558491831.398154, 43
1558491831.416492, 42
1558491831.434324, 44
1558491831.450109, 44
1558491831.467033, 42
1558491831.483293, 44
1558491831.500055, 44
1558491831.516424, 43
1558491831.532968, 43
1558491831.548676, 44
1558491831.564478, 45
1558491831.580622, 43
1558491831.596616, 45
1558491831.612971, 43
1558491831.628697, 44
1558491831.644982, 45
1558491831.661832, 44
1558491831.678176, 44
1558491831.694468, 44
1558491831.710313, 44
1558491831.726072, 45
1558491831.742854, 45
1558491831.759035, 45
1558491831.774786, 45
1558491831.792712, 46
1558491831.812625, 46
1558491831.831449, 46
1558491831.848756, 45
1558491831.866535, 46
1558491831.883384, 45
1558491831.901667, 45
1558491831.919408, 45
1558491831.937105, 45
1558491831.953950, 46
1558491831.970577, 45
1558491831.986507, 45
1558491832.003147, 46
1558491832.019958, 46
1558491832.036256, 47
1558491832.052978, 47
1558491832.070969, 46
1558491832.087750, 47
1558491832.104055, 47
1558491832.120950, 47
1558491832.137012, 47
1558491832.155016, 46
1558491832.172359, 47
1558491832.189316, 46
1558491832.206846, 46
1558491832.224038, 47
1558491832.240587, 46
1558491832.256894, 46
1558491832.273541, 46
1558491832.290530, 47
1558491832.306726, 47
1558491832.323365, 48
1558491832.340384, 47
1558491832.357076, 47
1558491832.373980, 47
1558491832.390093, 47
1558491832.406428, 47
1558491832.423170, 48
1558491832.441885, 47
1558491832.460116, 48
1558491832.479382, 47
1558491832.499157, 48
1558491832.517713, 47
1558491832.537717, 49
1558491832.555712, 48
1558491832.573951, 48
1558491832.591747, 49
1558491832.609978, 48
1558491832.628465, 49
1558491832.646661, 49
1558491832.664419, 49
1558491832.686479, 48
1558491832.706046, 48
1558491832.725443, 49
1558491832.744355, 48
1558491832.763079, 49
1558491832.781790, 48
1558491832.799901, 50
1558491832.817978, 48
1558491832.836384, 47
1558491832.857912, 48
1558491832.876965, 48
1558491832.895134, 49
1558491832.913969, 48
1558491832.935455, 49
1558491832.954940, 49
1558491832.973643, 49
1558491832.991211, 49
1558491833.010067, 49
1558491833.026095, 48
1558491833.045308, 46
1558491833.061878, 38
1558491833.078823, 31
1558491833.095990, 24
1558491833.112800, 21
1558491833.128663, 23
1558491833.145468, 20
1558491833.163889, 22
1558491833.182917, 21
1558491833.199592, 22
1558491833.220230, 23
1558491833.237514, 23
1558491833.258052, 22
1558491833.276931, 23
1558491833.296623, 23
1558491833.319588, 23
1558491833.340221, 23
1558491833.359023, 23
1558491833.381609, 23
1558491833.398898, 24
1558491833.421549, 25
1558491833.440096, 23
1558491833.458209, 23
1558491833.479148, 23
1558491833.497619, 24
1558491833.515841, 24
1558491833.534350, 25
1558491833.553653, 25
1558491833.572163, 25
1558491833.592815, 24
1558491833.610696, 25
1558491833.630827, 25
1558491833.652739, 26
1558491833.669693, 24
1558491833.687383, 24
1558491833.705813, 26
1558491833.723326, 26
1558491833.740024, 27
1558491833.761283, 26
1558491833.777491, 25
1558491833.798300, 26
1558491833.818836, 27
1558491833.838332, 26
1558491833.856373, 28
1558491833.874407, 26
1558491833.891365, 26
1558491833.908995, 27
1558491833.925444, 27
1558491833.941449, 27
1558491833.956951, 27
1558491833.972741, 26
1558491833.989070, 26
1558491834.004874, 28
1558491834.021553, 28
1558491834.039057, 27
1558491834.056630, 28
1558491834.073712, 28
1558491834.091718, 29
1558491834.108378, 29
1558491834.123969, 30
1558491834.140005, 30
1558491834.155691, 28
1558491834.171852, 28
1558491834.187525, 29
1558491834.203874, 28
1558491834.219554, 29
1558491834.235685, 29
1558491834.251176, 30
1558491834.266907, 30
1558491834.284511, 30
1558491834.300561, 29
1558491834.316528, 29
1558491834.332192, 29
1558491834.348092, 30
1558491834.363671, 29
1558491834.379474, 29
1558491834.395018, 30
1558491834.410462, 29
1558491834.426366, 30
1558491834.442738, 30
1558491834.458579, 31
1558491834.474489, 31
1558491834.490902, 30
1558491834.507371, 31
1558491834.524437, 30
1558491834.540445, 31
1558491834.557159, 32
1558491834.574085, 31
1558491834.590249, 31
1558491834.606682, 32
1558491834.623797, 33
1558491834.640211, 32
1558491834.656855, 32
1558491834.673233, 32
1558491834.689430, 31
1558491834.706286, 31
1558491834.722625, 32
1558491834.739350, 32
1558491834.756033, 33
1558491834.772186, 33
1558491834.788768, 32
1558491834.806382, 31
1558491834.825831, 33
1558491834.842080, 33
1558491834.858488, 32
1558491834.875700, 33
1558491834.891930, 33
1558491834.908351, 32
1558491834.926176, 33
1558491834.943727, 33
1558491834.961218, 33
1558491834.978876, 33
1558491834.996699, 34
1558491835.014734, 34
1558491835.033491, 33
1558491835.051146, 34
1558491835.070471, 34
1558491835.088718, 33
1558491835.109668, 34
1558491835.137961, 34
1558491835.158736, 35
1558491835.177404, 34
1558491835.196505, 34
1558491835.215693, 36
1558491835.233697, 35
1558491835.251852, 35
1558491835.270164, 36
1558491835.288383, 35
1558491835.306605, 35
1558491835.325665, 35
1558491835.346542, 36
1558491835.364815, 36
1558491835.383335, 36
1558491835.401143, 35
1558491835.419438, 37
1558491835.436611, 36
1558491835.452844, 36
1558491835.467969, 36
1558491835.483676, 37
1558491835.498593, 35
1558491835.514058, 35
1558491835.530227, 36
1558491835.545492, 36
1558491835.561605, 37
1558491835.576974, 38
1558491835.592661, 38
1558491835.608322, 36
1558491835.623568, 36
1558491835.639341, 37
1558491835.654932, 37
1558491835.670408, 36
1558491835.686050, 37
1558491835.701721, 37
1558491835.716759, 37
1558491835.732635, 36
1558491835.747629, 37
1558491835.762841, 38
1558491835.778242, 38
1558491835.793309, 38
1558491835.808891, 37
1558491835.824408, 38
1558491835.840366, 38
1558491835.855719, 38
1558491835.872268, 38
1558491835.888009, 38
1558491835.904257, 37
1558491835.924603, 38
1558491835.949118, 38
1558491835.972284, 39
1558491835.990968, 39
1558491836.009018, 39
1558491836.027104, 40
1558491836.044813, 39
1558491836.062854, 39
1558491836.080906, 39
1558491836.098319, 39
1558491836.115875, 38
1558491836.133764, 40
1558491836.151610, 38
1558491836.170289, 40
1558491836.188484, 40
1558491836.206619, 39
1558491836.225886, 40
1558491836.249345, 40
1558491836.269069, 40
1558491836.289094, 40
1558491836.309128, 41
1558491836.329627, 41
1558491836.347238, 41
1558491836.364802, 40
1558491836.382744, 39
1558491836.400589, 41
1558491836.419712, 41
1558491836.436777, 40
1558491836.452936, 41
1558491836.468893, 41
1558491836.484875, 40
1558491836.500312, 41
1558491836.515528, 41
1558491836.530881, 41
1558491836.549729, 41
1558491836.565141, 42
1558491836.580303, 41
1558491836.595708, 40
1558491836.611003, 41
1558491836.626687, 43
1558491836.642321, 42
1558491836.657930, 41
1558491836.672898, 42
1558491836.688818, 42
1558491836.704426, 42
1558491836.720122, 42
1558491836.735834, 43
1558491836.751290, 42
1558491836.766429, 42
1558491836.781575, 42
1558491836.796923, 42
1558491836.812445, 42
1558491836.827633, 42
1558491836.843156, 42
1558491836.858279, 43
1558491836.873934, 43
1558491836.889944, 43
1558491836.905740, 43
1558491836.922616, 43
1558491836.940591, 43
1558491836.959221, 44
1558491836.979597, 44
1558491836.998072, 43
1558491837.019515, 44
1558491837.038529, 44
1558491837.062537, 44
1558491837.090563, 44
1558491837.109679, 44
1558491837.128910, 44
1558491837.150272, 43
1558491837.170101, 45
1558491837.192644, 44
1558491837.211296, 45
1558491837.229848, 45
1558491837.248684, 45
1558491837.271180, 44
1558491837.291687, 45
1558491837.310759, 45
1558491837.329202, 45
1558491837.348871, 45
1558491837.379477, 46
1558491837.405252, 45
1558491837.429795, 45
1558491837.455027, 45
1558491837.476937, 46
1558491837.494773, 45
1558491837.513169, 46
1558491837.531660, 45
1558491837.555475, 45
1558491837.576888, 46
1558491837.597966, 47
1558491837.616479, 47
1558491837.635912, 46
1558491837.654509, 46
1558491837.677518, 46
1558491837.695954, 47
1558491837.715048, 46
1558491837.737963, 47
1558491837.757085, 46
1558491837.781462, 46
1558491837.799501, 47
1558491837.818065, 48
1558491837.837163, 47
1558491837.857034, 48
1558491837.880209, 48
1558491837.898098, 47
1558491837.918243, 48
1558491837.937129, 48
1558491837.956688, 48
1558491837.976132, 47
1558491837.993692, 47
1558491838.011253, 48
1558491838.029129, 48
1558491838.046982, 47
1558491838.064570, 48
1558491838.082083, 48
1558491838.098804, 48
1558491838.116037, 49
1558491838.133708, 47
1558491838.150866, 48
1558491838.168575, 49
1558491838.185967, 48
1558491838.204679, 49
1558491838.222229, 49
1558491838.240678, 50
1558491838.257995, 49
1558491838.275305, 49
1558491838.292537, 49
1558491838.309515, 48
1558491838.326476, 48
1558491838.343979, 50
1558491838.361213, 48
1558491838.378238, 49
1558491838.395788, 48
1558491838.412693, 49
1558491838.429799, 50
1558491838.445605, 49
1558491838.461826, 48
1558491838.478151, 49
1558491838.496148, 50
1558491838.515842, 49
1558491838.533107, 49
1558491838.549782, 50
1558491838.567263, 48
1558491838.583282, 48
1558491838.599918, 48
1558491838.616002, 47
1558491838.632293, 49
1558491838.648718, 49
1558491838.664459, 47
1558491838.680638, 48
1558491838.696456, 44
1558491838.713021, 40
1558491838.730058, 40
1558491838.746422, 41
1558491838.762460, 38
1558491838.778989, 33
1558491838.794992, 24
1558491838.811236, 20
1558491838.827661, 20
1558491838.843925, 21
1558491838.859959, 22
1558491838.876347, 22
1558491838.892584, 21
1558491838.908436, 21
1558491838.925463, 21
1558491838.941385, 22
1558491838.957700, 23
1558491838.973747, 23
1558491838.990245, 23
1558491839.006783, 23
1558491839.023449, 22
1558491839.039879, 22
1558491839.056610, 24
1558491839.073162, 23
1558491839.090056, 23
1558491839.106567, 22
1558491839.123831, 24
1558491839.140769, 23
1558491839.156770, 24
1558491839.173168, 25
1558491839.189067, 24
1558491839.205984, 25
1558491839.222154, 23
1558491839.238386, 25
1558491839.255032, 26
1558491839.271603, 25
1558491839.287888, 26
1558491839.304377, 25
1558491839.320515, 25
1558491839.336959, 24
1558491839.353237, 25
1558491839.370201, 26
1558491839.386753, 25
1558491839.403057, 26
1558491839.420205, 26
1558491839.437725, 25
1558491839.455384, 26
1558491839.473877, 28
1558491839.492255, 26
1558491839.511425, 25
1558491839.529228, 27
1558491839.547030, 27
1558491839.566945, 27
1558491839.589514, 27
1558491839.612531, 27
1558491839.630954, 27
1558491839.649837, 28
1558491839.670947, 28
1558491839.691540, 28
1558491839.709563, 26
1558491839.727354, 27
1558491839.744725, 28
1558491839.763282, 28
1558491839.781097, 28
1558491839.798763, 29
1558491839.816879, 28
1558491839.834543, 28
1558491839.852449, 29
1558491839.870617, 29
1558491839.889658, 29
1558491839.907619, 29
1558491839.926589, 28
1558491839.942643, 28
1558491839.958548, 30
1558491839.974497, 29
1558491839.990342, 29
1558491840.006770, 29
1558491840.023406, 30
1558491840.040023, 29
1558491840.056138, 30
1558491840.073251, 31
1558491840.090364, 30
1558491840.112839, 29
1558491840.137357, 30
1558491840.155388, 31
1558491840.172449, 32
1558491840.189345, 31
1558491840.206196, 30
1558491840.222866, 30
1558491840.239406, 31
1558491840.256065, 31
1558491840.272150, 31
1558491840.288726, 32
1558491840.304872, 31
1558491840.322194, 30
1558491840.338705, 32
1558491840.355687, 32
1558491840.372579, 31
1558491840.389713, 32
1558491840.405718, 32
1558491840.422437, 32
1558491840.440375, 32
1558491840.464494, 32
1558491840.482867, 32
1558491840.500756, 34
1558491840.519416, 32
1558491840.537866, 32
1558491840.559079, 33
1558491840.576741, 33
1558491840.594494, 34
1558491840.612923, 34
1558491840.630497, 32
1558491840.649020, 34
1558491840.670630, 34
1558491840.690106, 34
1558491840.710504, 35
1558491840.735439, 33
1558491840.754629, 34
1558491840.774183, 34
1558491840.795142, 33
1558491840.812830, 34
1558491840.830415, 34
1558491840.848375, 34
1558491840.869585, 34
1558491840.887804, 36
1558491840.906376, 35
1558491840.926979, 36
1558491840.942131, 35
1558491840.957695, 35
1558491840.973049, 35
1558491840.988496, 35
1558491841.004248, 36
1558491841.019992, 34
1558491841.036355, 36
1558491841.052346, 35
1558491841.068845, 36
1558491841.084929, 35
1558491841.100421, 36
1558491841.115897, 36
1558491841.135893, 36
1558491841.151925, 36
1558491841.167988, 36
1558491841.186438, 35
1558491841.204034, 37
1558491841.220479, 36
1558491841.238989, 36
1558491841.255695, 38
1558491841.272518, 37
1558491841.288989, 37
1558491841.304605, 37
1558491841.320553, 38
1558491841.337642, 37
1558491841.354589, 37
1558491841.377857, 37
1558491841.399808, 37
1558491841.423166, 37
1558491841.443917, 37
1558491841.464926, 37
1558491841.480698, 38
1558491841.496838, 38
1558491841.512617, 37
1558491841.527615, 38
1558491841.543666, 37
1558491841.558731, 37
1558491841.575713, 37
1558491841.593569, 37
1558491841.608652, 38
1558491841.623914, 38
1558491841.641610, 38
1558491841.658608, 37
1558491841.673563, 38
1558491841.697506, 39
1558491841.714679, 39
1558491841.730487, 39
1558491841.747469, 38
1558491841.762647, 39
1558491841.778639, 39
1558491841.794714, 39
1558491841.810454, 39
1558491841.827434, 39
1558491841.843863, 38
1558491841.860523, 38
1558491841.876421, 38
1558491841.891422, 40
1558491841.906499, 40
1558491841.922418, 40
1558491841.938552, 40
1558491841.955606, 39
1558491841.971441, 40
1558491841.987412, 40
1558491842.002571, 40
1558491842.017535, 40
1558491842.032572, 40
1558491842.047433, 40
1558491842.062571, 39
1558491842.078437, 40
1558491842.093442, 40
1558491842.108517, 40
1558491842.124403, 41
1558491842.139372, 41
1558491842.155409, 41
1558491842.170389, 41
1558491842.186307, 41
1558491842.202402, 41
1558491842.218269, 41
1558491842.233299, 41
1558491842.248421, 41
1558491842.263381, 40
1558491842.278265, 41
1558491842.293219, 41
1558491842.308214, 41
1558491842.323385, 41
1558491842.339298, 42
1558491842.354354, 42
1558491842.369379, 42
1558491842.385226, 41
1558491842.400175, 42
1558491842.416292, 42
1558491842.431190, 42
1558491842.449325, 42
1558491842.467426, 42
1558491842.485449, 41
1558491842.503377, 43
1558491842.521308, 42
1558491842.539406, 43
1558491842.558135, 41
1558491842.582369, 43
1558491842.599553, 43
1558491842.617410, 43
1558491842.636302, 42
1558491842.655511, 42
1558491842.673208, 44
1558491842.691385, 44
1558491842.708380, 43
1558491842.726267, 44
1558491842.744261, 43
1558491842.762237, 42
1558491842.782134, 43
1558491842.800211, 43
1558491842.817432, 44
1558491842.837205, 44
1558491842.858281, 45
1558491842.877093, 44
1558491842.895409, 44
1558491842.914158, 44
1558491842.933031, 45
1558491842.950979, 44
1558491842.968606, 44
1558491842.985957, 44
1558491843.001944, 44
1558491843.018139, 44
1558491843.033920, 45
1558491843.049932, 44
1558491843.065905, 45
1558491843.081282, 45
1558491843.096985, 44
1558491843.114653, 44
1558491843.130824, 45
1558491843.147004, 44
1558491843.162986, 44
1558491843.180008, 44
1558491843.195992, 45
1558491843.211851, 45
1558491843.227828, 45
1558491843.243927, 44
1558491843.259912, 45
1558491843.275816, 47
1558491843.291768, 46
1558491843.307828, 45
1558491843.324147, 47
1558491843.340876, 46
1558491843.357769, 45
1558491843.373432, 45
1558491843.390382, 46
1558491843.406600, 47
1558491843.422976, 47
1558491843.440775, 46
1558491843.458893, 46
1558491843.476488, 47
1558491843.494219, 47
1558491843.512522, 47
1558491843.530205, 47
1558491843.547712, 47
1558491843.565180, 47
1558491843.582855, 48
1558491843.600334, 47
1558491843.618098, 48
1558491843.636251, 47
1558491843.656258, 47
1558491843.674502, 48
1558491843.698193, 48
1558491843.715828, 47
1558491843.734099, 48
1558491843.752353, 48
1558491843.770263, 48
1558491843.788069, 48
1558491843.805845, 47
1558491843.824100, 49
1558491843.842470, 48
1558491843.860084, 47
1558491843.877744, 48
1558491843.895360, 48
1558491843.913031, 49
1558491843.930613, 48
1558491843.946233, 48
1558491843.962504, 49
1558491843.978725, 49
1558491843.995673, 48
1558491844.014630, 49
1558491844.033267, 49
1558491844.050123, 49
1558491844.066493, 49
1558491844.082789, 49
1558491844.098326, 48
1558491844.114114, 47
1558491844.130314, 47
1558491844.146093, 48
1558491844.162312, 49
1558491844.178038, 49
1558491844.194324, 48
1558491844.210606, 48
1558491844.226831, 49
1558491844.243164, 48
1558491844.259546, 48
1558491844.275823, 47
1558491844.292094, 48
1558491844.309029, 48
1558491844.324736, 47
1558491844.341011, 41
1558491844.357239, 36
1558491844.374041, 27
1558491844.392576, 22
1558491844.408839, 22
1558491844.424722, 23
1558491844.442237, 22
1558491844.460544, 21
1558491844.477950, 21
1558491844.495733, 23
1558491844.513143, 23
1558491844.531234, 21
1558491844.549813, 23
1558491844.568820, 22
1558491844.587788, 23
1558491844.608102, 23
1558491844.626633, 23
1558491844.644205, 22
1558491844.664005, 22
1558491844.681480, 23
1558491844.699350, 24
1558491844.716843, 25
1558491844.734592, 24
1558491844.752702, 24
1558491844.771744, 24
1558491844.792939, 25
1558491844.811880, 24
1558491844.836999, 24
1558491844.863072, 25
1558491844.881118, 25
1558491844.908393, 25
1558491844.926476, 25
1558491844.942082, 26
1558491844.957775, 24
1558491844.973995, 24
1558491844.993609, 26
1558491845.009225, 26
1558491845.025554, 27
1558491845.045232, 26
1558491845.060847, 25
1558491845.080524, 26
1558491845.097150, 28
1558491845.118461, 27
1558491845.136832, 26
1558491845.157971, 26
1558491845.187898, 28
1558491845.210837, 27
1558491845.230617, 28
1558491845.247443, 27
1558491845.263203, 25
1558491845.279396, 27
1558491845.296333, 27
1558491845.312036, 29
1558491845.330974, 28
1558491845.351934, 28
1558491845.368265, 27
1558491845.384080, 29
1558491845.400882, 29
1558491845.419343, 29
1558491845.436255, 29
1558491845.453112, 29
1558491845.469108, 26
1558491845.484877, 29
1558491845.501294, 29
1558491845.516673, 29
1558491845.531499, 29
1558491845.546453, 29
1558491845.561295, 28
1558491845.576343, 28
1558491845.591565, 28
1558491845.607584, 30
1558491845.622512, 30
1558491845.637459, 31
1558491845.652784, 30
1558491845.668047, 28
1558491845.683538, 29
1558491845.698494, 30
1558491845.713885, 31
1558491845.728702, 31
1558491845.743649, 30
1558491845.759259, 31
1558491845.774036, 30
1558491845.789064, 30
1558491845.804508, 30
1558491845.819766, 31
1558491845.835466, 31
1558491845.851345, 31
1558491845.866359, 30
1558491845.881296, 30
1558491845.895929, 31
1558491845.910776, 32
1558491845.928221, 33
1558491845.944620, 31
1558491845.966034, 31
1558491845.982927, 31
1558491845.999356, 32
1558491846.015847, 33
1558491846.031874, 32
1558491846.047711, 32
1558491846.064198, 32
1558491846.080276, 33
1558491846.098847, 33
1558491846.114650, 32
1558491846.130469, 31
1558491846.146359, 34
1558491846.162718, 33
1558491846.185194, 32
1558491846.209185, 33
1558491846.228653, 34
1558491846.246486, 34
1558491846.264563, 34
1558491846.281087, 33
1558491846.299125, 34
1558491846.314945, 34
1558491846.331387, 34
1558491846.347578, 33
1558491846.363781, 34
1558491846.380237, 33
1558491846.396379, 33
1558491846.412659, 35
1558491846.429147, 33
1558491846.445230, 33
1558491846.461005, 36
1558491846.477261, 35
1558491846.493242, 34
1558491846.509346, 36
1558491846.525941, 36
1558491846.541926, 36
1558491846.558237, 35
1558491846.574069, 35
1558491846.590638, 34
1558491846.609027, 34
1558491846.625328, 35
1558491846.640960, 35
1558491846.657511, 36
1558491846.676114, 36
1558491846.691894, 36
1558491846.708369, 36
1558491846.724311, 35
1558491846.740688, 36
1558491846.756674, 36
1558491846.772998, 36
1558491846.789178, 35
1558491846.805906, 37
1558491846.822818, 36
1558491846.839289, 37
1558491846.855834, 37
1558491846.875320, 37
1558491846.891953, 37
1558491846.909991, 38
1558491846.926894, 37
1558491846.944869, 38
1558491846.962355, 37
1558491846.979857, 36
1558491846.998269, 38
1558491847.016051, 37
1558491847.034975, 37
1558491847.054048, 38
1558491847.073098, 38
1558491847.092257, 37
1558491847.110838, 39
1558491847.128505, 38
1558491847.147140, 38
1558491847.168864, 37
1558491847.198212, 38
1558491847.220951, 38
1558491847.239097, 39
1558491847.257187, 38
1558491847.275712, 39
1558491847.295481, 38
1558491847.316554, 40
1558491847.336525, 40
1558491847.356155, 39
1558491847.376618, 40
1558491847.394039, 38
1558491847.412192, 39
1558491847.431145, 38
1558491847.446316, 39
1558491847.461300, 39
1558491847.477382, 39
1558491847.492442, 40
1558491847.509410, 41
1558491847.524769, 40
1558491847.540010, 41
1558491847.555564, 41
1558491847.571799, 41
1558491847.588546, 40
1558491847.605045, 41
1558491847.621988, 40
1558491847.638106, 40
1558491847.653738, 41
1558491847.669585, 40
1558491847.685276, 40
1558491847.700773, 40
1558491847.716067, 41
1558491847.731329, 42
1558491847.748018, 41
1558491847.762946, 41
1558491847.778422, 41
1558491847.793746, 41
1558491847.809712, 41
1558491847.825097, 41
1558491847.840580, 41
1558491847.855824, 41
1558491847.871695, 41
1558491847.887411, 41
1558491847.903525, 41
1558491847.919333, 41
1558491847.936177, 42
1558491847.954498, 42
1558491847.972566, 41
1558491847.991088, 43
1558491848.008575, 42
1558491848.026622, 42
1558491848.044113, 42
1558491848.062408, 42
1558491848.080635, 43
1558491848.098413, 42
1558491848.116246, 43
1558491848.135346, 42
1558491848.154846, 43
1558491848.173554, 44
1558491848.191715, 43
1558491848.210688, 44
1558491848.228425, 43
1558491848.246786, 44
1558491848.264709, 43
1558491848.282156, 44
1558491848.300028, 44
1558491848.317896, 43
1558491848.336729, 43
1558491848.357076, 44
1558491848.375909, 44
1558491848.394666, 44
1558491848.414077, 45
1558491848.432610, 45
1558491848.450434, 45
1558491848.468531, 45
1558491848.485705, 45
1558491848.502190, 46
1558491848.519329, 45
1558491848.535393, 45
1558491848.553314, 45
1558491848.572101, 44
1558491848.590020, 45
1558491848.614106, 46
1558491848.633159, 45
1558491848.655083, 45
1558491848.675205, 45
1558491848.695033, 46
1558491848.715935, 45
1558491848.736409, 45
1558491848.753442, 45
1558491848.770704, 45
1558491848.787598, 46
1558491848.805511, 46
1558491848.822407, 45
1558491848.839441, 47
1558491848.857234, 46
1558491848.874434, 47
1558491848.892022, 46
1558491848.911055, 46
1558491848.927996, 46
1558491848.947331, 46
1558491848.964199, 47
1558491848.985268, 46
1558491849.003148, 47
1558491849.022140, 48
1558491849.042615, 46
1558491849.064026, 46
1558491849.081032, 47
1558491849.101399, 46
1558491849.119401, 48
1558491849.139394, 47
1558491849.162431, 47
1558491849.180251, 47
1558491849.196622, 47
1558491849.214492, 47
1558491849.232631, 48
1558491849.253970, 48
1558491849.270348, 48
1558491849.287787, 48
1558491849.304661, 48
1558491849.323032, 49
1558491849.339984, 47
1558491849.356328, 48
1558491849.373965, 46
1558491849.390261, 48
1558491849.406928, 49
1558491849.423451, 48
1558491849.439684, 48
1558491849.456525, 48
1558491849.472750, 49
1558491849.490586, 48
1558491849.512616, 49
1558491849.529981, 49
1558491849.546876, 49
1558491849.563899, 48
1558491849.580274, 48
1558491849.596524, 49
1558491849.612774, 48
1558491849.628684, 50
1558491849.644405, 48
1558491849.660264, 47
1558491849.676142, 49
1558491849.692224, 48
1558491849.708481, 48
1558491849.724962, 49
1558491849.740799, 48
1558491849.756782, 48
1558491849.773707, 47
1558491849.789728, 49
1558491849.806443, 49
1558491849.822915, 48
1558491849.839230, 48
1558491849.855804, 47
1558491849.872312, 47
1558491849.888713, 40
1558491849.905806, 33
1558491849.923771, 26
1558491849.940352, 22
1558491849.956647, 20
1558491849.972778, 22
1558491849.988896, 21
1558491850.005096, 21
1558491850.021762, 21
1558491850.038122, 22
1558491850.054244, 22
1558491850.070214, 22
1558491850.087002, 22
1558491850.104029, 23
1558491850.120611, 22
1558491850.137519, 24
1558491850.154673, 22
1558491850.170582, 24
1558491850.187080, 22
1558491850.203929, 23
1558491850.221117, 22
1558491850.238002, 24
1558491850.255398, 24
1558491850.272524, 24
1558491850.289003, 22
1558491850.305228, 24
1558491850.322104, 23
1558491850.338316, 24
1558491850.354750, 25
1558491850.371481, 25
1558491850.387831, 24
1558491850.404883, 24
1558491850.421189, 24
1558491850.438756, 25
1558491850.456325, 25
1558491850.474601, 26
1558491850.492625, 25
1558491850.510398, 25
1558491850.528234, 26
1558491850.546071, 27
1558491850.564412, 27
1558491850.586999, 25
1558491850.606824, 25
1558491850.626433, 26
1558491850.645371, 26
1558491850.665890, 27
1558491850.685750, 27
1558491850.703977, 27
1558491850.721701, 27
1558491850.740422, 27
1558491850.759139, 27
1558491850.776885, 28
1558491850.794385, 27
1558491850.812273, 26
1558491850.830109, 27
1558491850.847777, 28
1558491850.866056, 28
1558491850.884194, 29
1558491850.902601, 27
1558491850.922266, 28
1558491850.938566, 28
1558491850.954802, 30
1558491850.971772, 28
1558491850.988130, 27
1558491851.004352, 29
1558491851.020580, 28
1558491851.036997, 30
1558491851.053909, 30
1558491851.069846, 29
1558491851.086606, 29
1558491851.102766, 28
1558491851.119101, 29
1558491851.135694, 30
1558491851.151807, 29
1558491851.168807, 29
1558491851.185113, 30
1558491851.201085, 31
1558491851.217085, 29
1558491851.235283, 29
1558491851.251862, 29
1558491851.268147, 31
1558491851.286103, 31
1558491851.303349, 30
1558491851.320196, 29
1558491851.336707, 32
1558491851.353187, 30
1558491851.369800, 31
1558491851.385811, 32
1558491851.402140, 31
1558491851.418941, 30
1558491851.436934, 33
1558491851.455351, 32
1558491851.473482, 31
1558491851.491813, 33
1558491851.509732, 31
1558491851.527715, 31
1558491851.545738, 33
1558491851.564239, 32
1558491851.582289, 33
1558491851.599735, 32
1558491851.622326, 32
1558491851.643202, 34
1558491851.661032, 33
1558491851.678972, 32
1558491851.699307, 33
1558491851.719483, 32
1558491851.745869, 33
1558491851.766790, 33
1558491851.786183, 33
1558491851.807893, 34
1558491851.825947, 33
1558491851.848431, 33
1558491851.866089, 34
1558491851.884891, 34
1558491851.902928, 34
1558491851.921894, 33
1558491851.939315, 34
1558491851.955756, 35
1558491851.972718, 34
1558491851.989240, 35
1558491852.005550, 35
1558491852.021727, 34
1558491852.038046, 36
1558491852.054008, 36
1558491852.071016, 35
1558491852.087259, 36
1558491852.103944, 35
1558491852.120067, 35
1558491852.136681, 35
1558491852.153513, 34
1558491852.169684, 35
1558491852.186329, 37
1558491852.202663, 36
1558491852.218933, 36
1558491852.235500, 36
1558491852.252853, 36
1558491852.269162, 36
1558491852.285567, 34
1558491852.301824, 36
1558491852.317718, 37
1558491852.334302, 35
1558491852.350713, 37
1558491852.366545, 37
1558491852.385397, 37
1558491852.407486, 38
1558491852.424034, 37
1558491852.446900, 36
1558491852.463209, 38
1558491852.480114, 37
1558491852.496665, 37
1558491852.512940, 37
1558491852.530335, 37
1558491852.548276, 37
1558491852.564575, 37
1558491852.582019, 37
1558491852.598509, 37
1558491852.615401, 39
1558491852.632190, 37
1558491852.648591, 38
1558491852.664960, 37
1558491852.681012, 38
1558491852.702797, 38
1558491852.720231, 39
1558491852.736687, 38
1558491852.759692, 38
1558491852.776127, 38
1558491852.792915, 40
1558491852.810485, 39
1558491852.835892, 39
1558491852.857660, 39
1558491852.878607, 39
1558491852.898041, 39
1558491852.918778, 39
1558491852.935798, 39
1558491852.957756, 40
1558491852.973877, 39
1558491852.990145, 38
1558491853.008376, 40
1558491853.025254, 41
1558491853.041716, 39
1558491853.060085, 40
1558491853.077462, 41
1558491853.095394, 40
1558491853.111801, 41
1558491853.128176, 41
1558491853.144586, 39
1558491853.163064, 41
1558491853.180546, 41
1558491853.198582, 39
1558491853.214525, 40
1558491853.230427, 42
1558491853.246931, 39
1558491853.262812, 40
1558491853.278712, 41
1558491853.294926, 42
1558491853.311657, 41
1558491853.327736, 42
1558491853.343956, 41
1558491853.360010, 41
1558491853.377383, 41
1558491853.393440, 41
1558491853.410672, 41
1558491853.426540, 41
1558491853.441580, 41
1558491853.456984, 42
1558491853.472409, 42
1558491853.488376, 42
1558491853.504288, 42
1558491853.519772, 42
1558491853.535931, 42
1558491853.552062, 42
1558491853.567875, 42
1558491853.582839, 41
1558491853.597986, 42
1558491853.612955, 42
1558491853.628300, 42
1558491853.643624, 43
1558491853.658981, 43
1558491853.674251, 42
1558491853.689561, 42
1558491853.705114, 43
1558491853.720914, 43
1558491853.736312, 43
1558491853.751631, 42
1558491853.766535, 43
1558491853.781955, 43
1558491853.796867, 43
1558491853.812551, 43
1558491853.827592, 43
1558491853.842970, 43
1558491853.858102, 44
1558491853.873512, 43
1558491853.888997, 42
1558491853.905471, 43
1558491853.922081, 45
1558491853.943530, 44
1558491853.963058, 44
1558491853.981452, 45
1558491854.001951, 45
1558491854.022951, 44
1558491854.040909, 45
1558491854.058893, 44
1558491854.076845, 45
1558491854.095014, 45
1558491854.113110, 44
1558491854.130901, 44
1558491854.148931, 44
1558491854.166700, 46
1558491854.184791, 45
1558491854.202899, 46
1558491854.221435, 46
1558491854.239361, 46
15584