1558491616.606680, 0
1558491616.676067, 7
1558491616.711812, 5
1558491616.739717, 15
1558491616.775838, 20
1558491616.793876, 23
1558491616.811957, 27
1558491616.829840, 33
1558491616.846834, 38
1558491616.867062, 45
1558491616.885849, 47
1558491616.903764, 52
1558491616.921842, 59
1558491616.936848, 63
1558491616.951827, 66
1558491616.967034, 71
1558491616.983794, 75
1558491616.999904, 80
1558491617.015805, 84
1558491617.030898, 87
1558491617.047800, 92
1558491617.062952, 98
1558491617.078947, 99
1558491617.093804, 100
1558491617.108839, 99
1558491617.123807, 100
1558491617.138880, 100
1558491617.153804, 99
1558491617.169009, 99
1558491617.183985, 99
1558491617.201961, 99
1558491617.217084, 99
1558491617.232840, 99
1558491617.247876, 100
1558491617.262993, 100
1558491617.277824, 99
1558491617.292949, 99
1558491617.307951, 99
1558491617.323826, 100
1558491617.338952, 100
1558491617.355003, 100
1558491617.372325, 98
1558491617.388444, 99
1558491617.405073, 100
1558491617.421159, 99
1558491617.444024, 99
1558491617.467933, 99
1558491617.492572, 99
1558491617.513175, 98
1558491617.533418, 99
1558491617.555065, 98
1558491617.575207, 99
1558491617.595285, 99
1558491617.625174, 99
1558491617.651529, 99
1558491617.677015, 100
1558491617.703576, 99
1558491617.730918, 100
1558491617.761136, 100
1558491617.787044, 99
1558491617.813619, 100
1558491617.837286, 100
1558491617.859226, 99
1558491617.879979, 100
1558491617.901122, 98
1558491617.923935, 99
1558491617.939011, 99
1558491617.954590, 98
1558491617.974113, 99
1558491617.989263, 100
1558491618.005801, 100
1558491618.020957, 99
1558491618.037819, 100
1558491618.054071, 99
1558491618.069812, 100
1558491618.085824, 99
1558491618.104171, 99
1558491618.120933, 100
1558491618.137507, 98
1558491618.153894, 96
1558491618.170998, 95
1558491618.188913, 100
1558491618.207915, 97
1558491618.224942, 94
1558491618.241903, 98
1558491618.258840, 98
1558491618.274902, 99
1558491618.293181, 99
1558491618.310948, 97
1558491618.327923, 96
1558491618.345343, 96
1558491618.365940, 94
1558491618.384226, 94
1558491618.401861, 98
1558491618.421087, 99
1558491618.439069, 97
1558491618.455090, 97
1558491618.476960, 97
1558491618.492123, 97
1558491618.509902, 96
1558491618.524994, 94
1558491618.541860, 93
1558491618.557054, 98
1558491618.576960, 96
1558491618.592141, 98
1558491618.611172, 98
1558491618.627982, 100
1558491618.645078, 96
1558491618.661001, 97
1558491618.677107, 96
1558491618.693933, 95
1558491618.709975, 97
1558491618.725977, 100
1558491618.741152, 99
1558491618.757129, 97
1558491618.773189, 97
1558491618.788952, 98
1558491618.807199, 96
1558491618.825447, 96
1558491618.842020, 92
1558491618.859102, 83
1558491618.875199, 80
1558491618.892105, 75
1558491618.907203, 74
1558491618.922067, 70
1558491618.937128, 66
1558491618.953159, 64
1558491618.969102, 61
1558491618.985112, 59
1558491619.000209, 60
1558491619.016114, 59
1558491619.031136, 53
1558491619.046217, 49
1558491619.061034, 44
1558491619.076153, 37
1558491619.091963, 31
1558491619.108130, 25
1558491619.125250, 25
1558491619.140177, 25
1558491619.156450, 17
1558491619.175047, 13
1558491619.190225, 13
1558491619.205258, 14
1558491619.221249, 14
1558491619.237050, 13
1558491619.253152, 13
1558491619.269145, 13
1558491619.285064, 13
1558491619.301285, 14
1558491619.317272, 13
1558491619.333124, 15
1558491619.350425, 14
1558491619.366474, 14
1558491619.382129, 14
1558491619.398401, 16
1558491619.415046, 15
1558491619.431338, 16
1558491619.452306, 16
1558491619.473636, 15
1558491619.493992, 16
1558491619.512418, 18
1558491619.530228, 18
1558491619.548043, 17
1558491619.565740, 16
1558491619.585893, 17
1558491619.605249, 18
1558491619.624915, 17
1558491619.642696, 17
1558491619.662213, 17
1558491619.682574, 18
1558491619.702090, 18
1558491619.722781, 19
1558491619.742237, 18
1558491619.762398, 18
1558491619.781830, 18
1558491619.800374, 19
1558491619.819246, 20
1558491619.837419, 20
1558491619.856002, 19
1558491619.875371, 19
1558491619.895452, 20
1558491619.915351, 20
1558491619.934411, 20
1558491619.951545, 19
1558491619.968928, 19
1558491619.985706, 20
1558491620.002149, 21
1558491620.018717, 21
1558491620.035104, 22
1558491620.051806, 22
1558491620.068524, 21
1558491620.085103, 20
1558491620.101926, 21
1558491620.117999, 22
1558491620.135316, 22
1558491620.151983, 22
1558491620.168837, 21
1558491620.185089, 22
1558491620.201654, 22
1558491620.217753, 23
1558491620.234317, 23
1558491620.250694, 22
1558491620.266767, 22
1558491620.284578, 22
1558491620.303990, 22
1558491620.323430, 24
1558491620.342913, 24
1558491620.362662, 23
1558491620.383300, 23
1558491620.402619, 24
1558491620.421471, 24
1558491620.439555, 25
1558491620.457201, 24
1558491620.474554, 24
1558491620.491793, 25
1558491620.509481, 24
1558491620.526843, 25
1558491620.544695, 26
1558491620.561987, 25
1558491620.579688, 25
1558491620.597152, 24
1558491620.614796, 25
1558491620.632652, 27
1558491620.650597, 27
1558491620.668361, 26
1558491620.686285, 25
1558491620.704116, 25
1558491620.720800, 26
1558491620.736306, 26
1558491620.751860, 26
1558491620.767488, 27
1558491620.782708, 27
1558491620.798274, 26
1558491620.813884, 26
1558491620.828866, 27
1558491620.843977, 27
1558491620.858915, 27
1558491620.875026, 27
1558491620.890695, 26
1558491620.906313, 26
1558491620.921465, 27
1558491620.937212, 28
1558491620.952736, 29
1558491620.970952, 28
1558491620.989470, 27
1558491621.009437, 26
1558491621.025344, 28
1558491621.040893, 28
1558491621.057104, 28
1558491621.072481, 29
1558491621.088215, 28
1558491621.103838, 28
1558491621.118985, 29
1558491621.134399, 30
1558491621.149441, 29
1558491621.165125, 28
1558491621.180164, 30
1558491621.195756, 28
1558491621.210761, 28
1558491621.225937, 29
1558491621.240984, 30
1558491621.256330, 30
1558491621.271636, 29
1558491621.287149, 29
1558491621.302893, 30
1558491621.318222, 30
1558491621.335447, 31
1558491621.350976, 30
1558491621.368203, 30
1558491621.383554, 29
1558491621.399218, 29
1558491621.414560, 31
1558491621.430310, 31
1558491621.448122, 30
1558491621.465937, 31
1558491621.483825, 31
1558491621.501810, 31
1558491621.520429, 31
1558491621.540094, 31
1558491621.561334, 31
1558491621.581931, 33
1558491621.599984, 31
1558491621.619016, 30
1558491621.637332, 32
1558491621.655987, 32
1558491621.674665, 33
1558491621.693035, 31
1558491621.711156, 30
1558491621.729668, 32
1558491621.748900, 34
1558491621.767087, 32
1558491621.791500, 33
1558491621.812018, 31
1558491621.836128, 34
1558491621.855545, 33
1558491621.881227, 34
1558491621.900602, 33
1558491621.922630, 33
1558491621.940107, 35
1558491621.957461, 34
1558491621.977339, 34
1558491621.993575, 34
1558491622.009810, 34
1558491622.025257, 33
1558491622.044207, 34
1558491622.060955, 34
1558491622.078193, 34
1558491622.100511, 34
1558491622.121324, 36
1558491622.142353, 35
1558491622.158279, 36
1558491622.180149, 36
1558491622.195850, 35
1558491622.212491, 33
1558491622.229161, 35
1558491622.245416, 35
1558491622.265470, 36
1558491622.281004, 35
1558491622.296696, 35
1558491622.312194, 34
1558491622.329530, 37
1558491622.345100, 36
1558491622.360230, 35
1558491622.375804, 35
1558491622.391414, 35
1558491622.407464, 35
1558491622.423730, 35
1558491622.438702, 37
1558491622.454323, 36
1558491622.470542, 35
1558491622.486064, 37
1558491622.501186, 37
1558491622.516266, 36
1558491622.531467, 36
1558491622.546462, 37
1558491622.561338, 37
1558491622.576902, 36
1558491622.591521, 37
1558491622.607084, 37
1558491622.622008, 36
1558491622.637612, 37
1558491622.653194, 37
1558491622.668473, 37
1558491622.683453, 36
1558491622.698494, 37
1558491622.713461, 37
1558491622.728650, 38
1558491622.743864, 38
1558491622.758847, 39
1558491622.778861, 39
1558491622.793938, 38
1558491622.808628, 39
1558491622.823466, 37
1558491622.839152, 37
1558491622.854866, 38
1558491622.870504, 39
1558491622.886104, 38
1558491622.901136, 37
1558491622.916187, 38
1558491622.931306, 39
1558491622.949181, 40
1558491622.966981, 40
1558491622.984277, 40
1558491623.002155, 39
1558491623.020650, 38
1558491623.038446, 39
1558491623.056771, 39
1558491623.074926, 38
1558491623.092619, 40
1558491623.110243, 39
1558491623.127880, 39
1558491623.145853, 40
1558491623.164377, 40
1558491623.191523, 40
1558491623.210751, 40
1558491623.229798, 39
1558491623.248640, 41
1558491623.266966, 41
1558491623.285153, 40
1558491623.303041, 41
1558491623.320953, 42
1558491623.339088, 41
1558491623.358101, 41
1558491623.385593, 41
1558491623.404491, 41
1558491623.423438, 40
1558491623.440047, 41
1558491623.456334, 40
1558491623.472654, 40
1558491623.489433, 42
1558491623.506086, 42
1558491623.522523, 41
1558491623.538713, 41
1558491623.555014, 40
1558491623.571957, 41
1558491623.588053, 43
1558491623.604389, 42
1558491623.621119, 42
1558491623.637823, 42
1558491623.654196, 43
1558491623.670770, 43
1558491623.687042, 42
1558491623.703165, 42
1558491623.719488, 41
1558491623.735735, 42
1558491623.751783, 43
1558491623.768342, 42
1558491623.784713, 43
1558491623.800363, 42
1558491623.816193, 42
1558491623.832360, 43
1558491623.848710, 44
1558491623.865958, 44
1558491623.882049, 43
1558491623.898180, 44
1558491623.914028, 43
1558491623.930328, 44
1558491623.948093, 44
1558491623.966707, 43
1558491623.986016, 43
1558491624.004691, 43
1558491624.022535, 44
1558491624.040963, 44
1558491624.059542, 44
1558491624.077513, 45
1558491624.094827, 45
1558491624.112859, 43
1558491624.130607, 44
1558491624.148375, 44
1558491624.166120, 43
1558491624.184134, 44
1558491624.201477, 44
1558491624.219427, 45
1558491624.237567, 44
1558491624.256096, 44
1558491624.275377, 44
1558491624.304160, 45
1558491624.326858, 45
1558491624.345344, 45
1558491624.364835, 45
1558491624.385136, 45
1558491624.404174, 46
1558491624.422008, 46
1558491624.439302, 46
1558491624.455752, 46
1558491624.472082, 46
1558491624.488611, 46
1558491624.504753, 45
1558491624.521226, 45
1558491624.537263, 46
1558491624.553922, 46
1558491624.570075, 47
1558491624.587502, 46
1558491624.604279, 45
1558491624.620442, 46
1558491624.636992, 46
1558491624.653300, 47
1558491624.669685, 46
1558491624.686981, 46
1558491624.702974, 47
1558491624.719492, 46
1558491624.735686, 47
1558491624.751609, 48
1558491624.767452, 46
1558491624.783594, 48
1558491624.799884, 48
1558491624.815726, 46
1558491624.831496, 48
1558491624.847258, 48
1558491624.863654, 47
1558491624.879992, 48
1558491624.895783, 47
1558491624.911911, 49
1558491624.927808, 48
1558491624.945564, 48
1558491624.963565, 47
1558491624.981254, 48
1558491624.998653, 47
1558491625.017101, 48
1558491625.034890, 48
1558491625.052557, 49
1558491625.071448, 48
1558491625.089635, 48
1558491625.108305, 49
1558491625.126249, 49
1558491625.144204, 48
1558491625.163107, 49
1558491625.186775, 49
1558491625.205579, 49
1558491625.224083, 48
1558491625.242339, 49
1558491625.260261, 50
1558491625.278714, 48
1558491625.304889, 49
1558491625.329089, 50
1558491625.347248, 49
1558491625.365082, 50
1558491625.383169, 49
1558491625.412523, 49
1558491625.434105, 50
1558491625.451403, 51
1558491625.469093, 50
1558491625.485835, 49
1558491625.502848, 49
1558491625.519792, 50
1558491625.537268, 50
1558491625.554089, 50
1558491625.571974, 50
1558491625.591870, 50
1558491625.609192, 50
1558491625.630736, 50
1558491625.646581, 51
1558491625.662845, 52
1558491625.680109, 50
1558491625.698470, 51
1558491625.719516, 51
1558491625.735793, 51
1558491625.752102, 50
1558491625.772521, 50
1558491625.792611, 51
1558491625.815036, 51
1558491625.831862, 52
1558491625.848744, 51
1558491625.865544, 52
1558491625.887562, 51
1558491625.908535, 52
1558491625.931149, 51
1558491625.948455, 52
1558491625.966961, 52
1558491625.983569, 52
1558491626.001561, 53
1558491626.021964, 52
1558491626.039878, 51
1558491626.058185, 54
1558491626.075991, 52
1558491626.092309, 53
1558491626.113839, 53
1558491626.131184, 51
1558491626.147971, 52
1558491626.165355, 53
1558491626.181565, 52
1558491626.197923, 53
1558491626.217799, 52
1558491626.233598, 53
1558491626.251870, 52
1558491626.268157, 55
1558491626.283944, 53
1558491626.300186, 52
1558491626.316530, 54
1558491626.333922, 52
1558491626.349833, 52
1558491626.365873, 52
1558491626.386778, 54
1558491626.403575, 52
1558491626.420326, 53
1558491626.437265, 54
1558491626.453166, 53
1558491626.469171, 55
1558491626.484928, 53
1558491626.500692, 53
1558491626.517267, 53
1558491626.534522, 54
1558491626.551293, 54
1558491626.568885, 54
1558491626.586129, 55
1558491626.602178, 55
1558491626.619420, 54
1558491626.635407, 53
1558491626.651059, 54
1558491626.667666, 55
1558491626.683413, 55
1558491626.699668, 55
1558491626.715651, 54
1558491626.732384, 55
1558491626.748281, 54
1558491626.764607, 56
1558491626.780540, 55
1558491626.796923, 54
1558491626.813198, 55
1558491626.832439, 55
1558491626.848912, 55
1558491626.864870, 55
1558491626.880777, 55
1558491626.898384, 55
1558491626.915424, 56
1558491626.932276, 55
1558491626.950597, 54
1558491626.966725, 56
1558491626.989616, 56
1558491627.006186, 55
1558491627.023521, 55
1558491627.041529, 56
1558491627.059400, 55
1558491627.077126, 57
1558491627.094763, 57
1558491627.111446, 56
1558491627.127846, 57
1558491627.144985, 57
1558491627.162432, 56
1558491627.179906, 56
1558491627.195678, 57
1558491627.212128, 56
1558491627.229929, 55
1558491627.247391, 57
1558491627.264739, 56
1558491627.281888, 57
1558491627.297888, 56
1558491627.315287, 56
1558491627.332991, 55
1558491627.348911, 57
1558491627.364635, 56
1558491627.380892, 56
1558491627.396656, 57
1558491627.414143, 56
1558491627.430813, 56
1558491627.449885, 57
1558491627.468244, 57
1558491627.485995, 58
1558491627.505471, 58
1558491627.523566, 58
1558491627.541996, 57
1558491627.560125, 57
1558491627.577740, 58
1558491627.595968, 58
1558491627.614826, 58
1558491627.633892, 58
1558491627.653421, 57
1558491627.672886, 58
1558491627.691727, 60
1558491627.710194, 58
1558491627.728474, 58
1558491627.746154, 59
1558491627.763973, 58
1558491627.781574, 59
1558491627.799293, 59
1558491627.818332, 58
1558491627.836266, 58
1558491627.853967, 58
1558491627.872676, 59
1558491627.891276, 60
1558491627.909331, 59
1558491627.928876, 57
1558491627.944747, 58
1558491627.960567, 58
1558491627.977270, 59
1558491627.993781, 61
1558491628.010040, 58
1558491628.026615, 59
1558491628.042939, 59
1558491628.059538, 59
1558491628.075542, 61
1558491628.092218, 60
1558491628.108513, 60
1558491628.125462, 60
1558491628.142320, 59
1558491628.158812, 59
1558491628.175022, 60
1558491628.191842, 60
1558491628.208162, 60
1558491628.224705, 60
1558491628.241806, 60
1558491628.258428, 58
1558491628.274881, 59
1558491628.291324, 61
1558491628.307820, 61
1558491628.323981, 61
1558491628.340861, 60
1558491628.357799, 59
1558491628.373728, 61
1558491628.389807, 61
1558491628.405746, 61
1558491628.424496, 60
1558491628.442271, 60
1558491628.460117, 60
1558491628.477868, 61
1558491628.503923, 62
1558491628.522323, 60
1558491628.540373, 61
1558491628.558205, 60
1558491628.576412, 61
1558491628.596347, 61
1558491628.614861, 63
1558491628.633498, 61
1558491628.653411, 61
1558491628.670896, 61
1558491628.689030, 62
1558491628.707828, 63
1558491628.732295, 61
1558491628.751967, 62
1558491628.770338, 62
1558491628.790308, 62
1558491628.810341, 62
1558491628.828247, 62
1558491628.846616, 61
1558491628.864290, 61
1558491628.882029, 63
1558491628.900637, 62
1558491628.918122, 62
1558491628.936848, 63
1558491628.953001, 62
1558491628.969245, 61
1558491628.985618, 63
1558491629.001719, 63
1558491629.017769, 62
1558491629.034174, 61
1558491629.050006, 62
1558491629.065732, 62
1558491629.081824, 63
1558491629.097934, 63
1558491629.114078, 63
1558491629.130085, 61
1558491629.146101, 62
1558491629.162281, 62
1558491629.178410, 61
1558491629.194256, 63
1558491629.210398, 64
1558491629.226847, 62
1558491629.243839, 63
1558491629.259793, 63
1558491629.276243, 63
1558491629.292944, 64
1558491629.309013, 64
1558491629.325204, 65
1558491629.342181, 63
1558491629.359262, 63
1558491629.376164, 63
1558491629.393137, 63
1558491629.410067, 65
1558491629.428598, 64
1558491629.445148, 63
1558491629.466589, 64
1558491629.483043, 64
1558491629.499955, 64
1558491629.516431, 64
1558491629.536464, 63
1558491629.552937, 63
1558491629.569056, 64
1558491629.585576, 66
1558491629.606408, 64
1558491629.623350, 65
1558491629.641453, 64
1558491629.660833, 64
1558491629.677232, 64
1558491629.697792, 65
1558491629.714175, 65
1558491629.733716, 65
1558491629.750200, 64
1558491629.766666, 65
1558491629.786585, 64
1558491629.802628, 65
1558491629.819110, 64
1558491629.843542, 64
1558491629.867119, 65
1558491629.887186, 66
1558491629.908113, 66
1558491629.925008, 67
1558491629.941945, 64
1558491629.958415, 66
1558491629.976378, 66
1558491629.994375, 66
1558491630.010414, 67
1558491630.028770, 66
1558491630.044808, 65
1558491630.062747, 65
1558491630.079280, 65
1558491630.094732, 67
1558491630.112702, 66
1558491630.128711, 67
1558491630.144867, 65
1558491630.161016, 64
1558491630.176950, 64
1558491630.192751, 66
1558491630.208762, 66
1558491630.224826, 66
1558491630.241214, 65
1558491630.257185, 66
1558491630.272889, 65
1558491630.288187, 66
1558491630.303671, 67
1558491630.319090, 67
1558491630.334993, 67
1558491630.350552, 67
1558491630.365861, 66
1558491630.381172, 66
1558491630.396600, 68
1558491630.412710, 68
1558491630.428332, 66
1558491630.443935, 67
1558491630.459510, 66
1558491630.475481, 66
1558491630.490889, 66
1558491630.506533, 67
1558491630.521644, 68
1558491630.537067, 67
1558491630.552717, 66
1558491630.567732, 66
1558491630.583400, 67
1558491630.598456, 68
1558491630.613980, 68
1558491630.628995, 68
1558491630.644581, 67
1558491630.660083, 66
1558491630.675816, 67
1558491630.691465, 67
1558491630.707453, 68
1558491630.723024, 68
1558491630.738573, 69
1558491630.754027, 67
1558491630.769024, 66
1558491630.784165, 68
1558491630.799525, 69
1558491630.815067, 69
1558491630.830187, 68
1558491630.845516, 68
1558491630.861033, 68
1558491630.876985, 67
1558491630.892592, 67
1558491630.908095, 68
1558491630.925075, 69
1558491630.952438, 69
1558491630.973745, 68
1558491630.995587, 69
1558491631.017512, 69
1558491631.038090, 70
1558491631.058620, 69
1558491631.076948, 69
1558491631.095864, 70
1558491631.114329, 71
1558491631.132216, 70
1558491631.150079, 71
1558491631.167689, 69
1558491631.186004, 69
1558491631.204445, 70
1558491631.222009, 70
1558491631.239937, 70
1558491631.258779, 69
1558491631.276636, 68
1558491631.294532, 68
1558491631.312602, 69
1558491631.330589, 71
1558491631.351247, 70
1558491631.368921, 69
1558491631.386260, 69
1558491631.404312, 70
1558491631.425581, 70
1558491631.447045, 71
1558491631.464482, 69
1558491631.481799, 69
1558491631.499253, 71
1558491631.516603, 71
1558491631.533612, 70
1558491631.551442, 71
1558491631.567875, 69
1558491631.584713, 69
1558491631.602040, 70
1558491631.618354, 70
1558491631.635878, 70
1558491631.651747, 70
1558491631.667829, 70
1558491631.683613, 69
1558491631.699689, 70
1558491631.715765, 72
1558491631.731921, 72
1558491631.748084, 70
1558491631.764144, 70
1558491631.780555, 70
1558491631.796392, 69
1558491631.812720, 72
1558491631.829419, 72
1558491631.845574, 72
1558491631.863472, 71
1558491631.880195, 69
1558491631.896466, 72
1558491631.913004, 71
1558491631.930188, 72
1558491631.948520, 72
1558491631.966521, 70
1558491631.985534, 70
1558491632.003333, 72
1558491632.021094, 72
1558491632.047480, 73
1558491632.066025, 72
1558491632.084434, 71
1558491632.103512, 73
1558491632.122624, 72
1558491632.144357, 72
1558491632.162826, 73
1558491632.180844, 71
1558491632.198332, 72
1558491632.216595, 72
1558491632.234540, 73
1558491632.252425, 73
1558491632.270411, 71
1558491632.288400, 71
1558491632.305798, 72
1558491632.323363, 72
1558491632.341287, 73
1558491632.359231, 72
1558491632.377922, 72
1558491632.396673, 72
1558491632.413958, 74
1558491632.431799, 74
1558491632.448013, 72
1558491632.464165, 74
1558491632.480031, 72
1558491632.496678, 72
1558491632.513150, 72
1558491632.529187, 74
1558491632.546211, 74
1558491632.562351, 73
1558491632.578652, 72
1558491632.595709, 73
1558491632.612360, 74
1558491632.628760, 74
1558491632.645288, 74
1558491632.661697, 74
1558491632.678160, 73
1558491632.694278, 72
1558491632.710620, 74
1558491632.726590, 73
1558491632.742611, 73
1558491632.759263, 75
1558491632.775498, 74
1558491632.791805, 73
1558491632.809768, 73
1558491632.826302, 74
1558491632.842479, 74
1558491632.859278, 74
1558491632.875600, 75
1558491632.892512, 72
1558491632.908635, 74
1558491632.925450, 75
1558491632.942147, 73
1558491632.961823, 75
1558491632.981397, 74
1558491632.999769, 73
1558491633.018708, 74
1558491633.038482, 75
1558491633.056276, 75
1558491633.073561, 75
1558491633.091471, 74
1558491633.112590, 74
1558491633.132121, 75
1558491633.156887, 75
1558491633.177748, 74
1558491633.205157, 75
1558491633.232117, 75
1558491633.253413, 74
1558491633.278863, 76
1558491633.299877, 74
1558491633.318005, 75
1558491633.335829, 75
1558491633.354282, 75
1558491633.372874, 76
1558491633.392754, 74
1558491633.412230, 75
1558491633.431059, 76
1558491633.452041, 76
1558491633.475661, 77
1558491633.495760, 74
1558491633.520276, 76
1558491633.540426, 75
1558491633.559534, 76
1558491633.578020, 77
1558491633.597566, 75
1558491633.617030, 76
1558491633.635016, 77
1558491633.653988, 76
1558491633.672412, 76
1558491633.692884, 76
1558491633.713992, 76
1558491633.736498, 77
1558491633.754871, 77
1558491633.773385, 77
1558491633.792288, 78
1558491633.813334, 75
1558491633.834056, 77
1558491633.855661, 77
1558491633.878182, 77
1558491633.898599, 75
1558491633.916723, 76
1558491633.939183, 77
1558491633.960580, 77
1558491633.981567, 77
1558491634.000105, 76
1558491634.020509, 76
1558491634.040897, 76
1558491634.059132, 78
1558491634.078451, 77
1558491634.097350, 77
1558491634.115580, 77
1558491634.133823, 78
1558491634.151872, 78
1558491634.169850, 78
1558491634.188240, 78
1558491634.208389, 76
1558491634.226614, 77
1558491634.245505, 78
1558491634.264302, 78
1558491634.286185, 78
1558491634.312963, 78
1558491634.332544, 78
1558491634.351373, 78
1558491634.371349, 78
1558491634.391060, 78
1558491634.409240, 77
1558491634.427489, 78
1558491634.446439, 79
1558491634.464717, 78
1558491634.482715, 79
1558491634.500177, 79
1558491634.518208, 79
1558491634.536266, 78
1558491634.554286, 80
1558491634.572615, 79
1558491634.592592, 79
1558491634.612797, 80
1558491634.634272, 78
1558491634.654169, 78
1558491634.674127, 79
1558491634.692790, 78
1558491634.714074, 80
1558491634.733788, 78
1558491634.752603, 78
1558491634.771681, 79
1558491634.791669, 79
1558491634.811874, 79
1558491634.833450, 80
1558491634.851245, 79
1558491634.868754, 80
1558491634.887379, 79
1558491634.905025, 80
1558491634.923117, 79
1558491634.943164, 80
1558491634.960813, 79
1558491634.978811, 79
1558491634.997166, 80
1558491635.013727, 80
1558491635.029991, 79
1558491635.046763, 78
1558491635.065291, 78
1558491635.082086, 79
1558491635.097892, 81
1558491635.114118, 80
1558491635.130469, 80
1558491635.146472, 80
1558491635.163150, 80
1558491635.179572, 79
1558491635.195590, 81
1558491635.212189, 81
1558491635.228261, 80
1558491635.245227, 81
1558491635.261236, 79
1558491635.277178, 79
1558491635.293605, 81
1558491635.310630, 81
1558491635.327633, 81
1558491635.343766, 81
1558491635.360476, 80
1558491635.376940, 80
1558491635.393808, 80
1558491635.411874, 80
1558491635.429724, 81
1558491635.447733, 81
1558491635.466976, 80
1558491635.483476, 80
1558491635.499978, 80
1558491635.515921, 80
1558491635.532379, 81
1558491635.548998, 81
1558491635.565065, 81
1558491635.581694, 81
1558491635.597848, 81
1558491635.614424, 81
1558491635.632031, 81
1558491635.649965, 81
1558491635.667304, 81
1558491635.683638, 80
1558491635.699909, 81
1558491635.716965, 81
1558491635.732941, 81
1558491635.748901, 82
1558491635.764978, 83
1558491635.780929, 81
1558491635.797056, 81
1558491635.814012, 82
1558491635.830568, 82
1558491635.846835, 82
1558491635.863320, 83
1558491635.881668, 81
1558491635.899090, 82
1558491635.921997, 82
1558491635.942129, 82
1558491635.958524, 83
1558491635.974426, 82
1558491635.990539, 81
1558491636.006569, 81
1558491636.023799, 82
1558491636.040559, 83
1558491636.056710, 82
1558491636.072432, 83
1558491636.089598, 80
1558491636.105567, 82
1558491636.123496, 84
1558491636.139897, 84
1558491636.156001, 82
1558491636.172256, 82
1558491636.188314, 82
1558491636.205715, 83
1558491636.221943, 82
1558491636.237850, 84
1558491636.255734, 83
1558491636.271596, 83
1558491636.287903, 82
1558491636.303904, 83
1558491636.320568, 83
1558491636.338080, 84
1558491636.353980, 83
1558491636.371327, 82
1558491636.388033, 83
1558491636.405257, 84
1558491636.421197, 83
1558491636.437198, 83
1558491636.457013, 84
1558491636.477047, 83
1558491636.499448, 84
1558491636.521278, 83
1558491636.539783, 84
1558491636.559287, 85
1558491636.578903, 84
1558491636.598755, 83
1558491636.617074, 84
1558491636.634580, 85
1558491636.652505, 84
1558491636.670381, 84
1558491636.688353, 85
1558491636.706517, 84
1558491636.725272, 84
1558491636.742930, 85
1558491636.761922, 84
1558491636.780283, 85
1558491636.798088, 83
1558491636.816619, 84
1558491636.834244, 84
1558491636.851750, 85
1558491636.869683, 84
1558491636.888034, 85
1558491636.905854, 85
1558491636.923939, 84
1558491636.941823, 84
1558491636.958017, 86
1558491636.974156, 85
1558491636.989931, 84
1558491637.005868, 85
1558491637.022072, 85
1558491637.038036, 85
1558491637.054056, 85
1558491637.070073, 85
1558491637.086106, 85
1558491637.102599, 84
1558491637.118796, 85
1558491637.135246, 85
1558491637.151049, 84
1558491637.167090, 85
1558491637.183008, 86
1558491637.198878, 85
1558491637.215665, 86
1558491637.232091, 86
1558491637.249990, 84
1558491637.266160, 85
1558491637.282916, 86
1558491637.301831, 84
1558491637.320300, 86
1558491637.336868, 85
1558491637.352866, 85
1558491637.368902, 84
1558491637.384895, 87
1558491637.401199, 86
1558491637.417667, 86
1558491637.434686, 86
1558491637.449831, 86
1558491637.465099, 86
1558491637.484594, 87
1558491637.500642, 86
1558491637.516148, 86
1558491637.533007, 85
1558491637.548650, 86
1558491637.564470, 86
1558491637.580433, 85
1558491637.595947, 87
1558491637.617134, 86
1558491637.635436, 86
1558491637.652362, 87
1558491637.668859, 87
1558491637.688353, 86
1558491637.703381, 86
1558491637.719341, 86
1558491637.735234, 86
1558491637.750843, 86
1558491637.766312, 87
1558491637.785177, 87
1558491637.802196, 86
1558491637.817233, 87
1558491637.832677, 88
1558491637.849082, 87
1558491637.864824, 87
1558491637.881601, 86
1558491637.897572, 87
1558491637.914000, 86
1558491637.930045, 87
1558491637.945548, 87
1558491637.960670, 87
1558491637.975483, 87
1558491637.990548, 88
1558491638.005468, 87
1558491638.021037, 87
1558491638.035870, 88
1558491638.051103, 87
1558491638.066141, 87
1558491638.081578, 87
1558491638.096940, 87
1558491638.111989, 89
1558491638.127476, 87
1558491638.142121, 88
1558491638.157068, 88
1558491638.171967, 87
1558491638.186957, 88
1558491638.201827, 88
1558491638.216785, 87
1558491638.231604, 87
1558491638.247348, 87
1558491638.262241, 88
1558491638.277923, 88
1558491638.293016, 88
1558491638.308077, 88
1558491638.322741, 89
1558491638.337711, 88
1558491638.353002, 87
1558491638.367947, 89
1558491638.383072, 88
1558491638.398009, 88
1558491638.413579, 88
1558491638.429104, 88
1558491638.444752, 88
1558491638.463394, 88
1558491638.481066, 88
1558491638.498896, 88
1558491638.517375, 88
1558491638.535306, 88
1558491638.553348, 87
1558491638.571285, 89
1558491638.589080, 88
1558491638.606989, 87
1558491638.624946, 88
1558491638.643197, 89
1558491638.661493, 88
1558491638.679915, 88
1558491638.699859, 89
1558491638.719299, 89
1558491638.740181, 89
1558491638.759427, 89
1558491638.778125, 89
1558491638.797783, 89
1558491638.816940, 89
1558491638.837353, 89
1558491638.854884, 89
1558491638.873125, 90
1558491638.891342, 89
1558491638.909302, 89
1558491638.927799, 89
1558491638.946233, 89
1558491638.962173, 89
1558491638.978385, 89
1558491638.994333, 89
1558491639.010125, 89
1558491639.026401, 89
1558491639.042576, 89
1558491639.058617, 90
1558491639.074392, 89
1558491639.090350, 89
1558491639.106253, 89
1558491639.121868, 91
1558491639.138292, 89
1558491639.154234, 89
1558491639.170103, 89
1558491639.186814, 90
1558491639.202889, 89
1558491639.219249, 91
1558491639.234994, 90
1558491639.250949, 90
1558491639.266936, 89
1558491639.283189, 90
1558491639.299671, 90
1558491639.315674, 90
1558491639.332400, 89
1558491639.348408, 91
1558491639.364801, 91
1558491639.381387, 91
1558491639.398374, 91
1558491639.414446, 91
1558491639.431676, 91
1558491639.449303, 90
1558491639.467305, 90
1558491639.485517, 91
1558491639.503583, 91
1558491639.521905, 92
1558491639.540032, 91
1558491639.558021, 91
1558491639.576201, 90
1558491639.593680, 90
1558491639.611699, 92
1558491639.630178, 91
1558491639.648518, 91
1558491639.666566, 92
1558491639.685117, 91
1558491639.702748, 91
1558491639.720840, 92
1558491639.739017, 92
1558491639.756377, 91
1558491639.773914, 91
1558491639.793063, 91
1558491639.812706, 91
1558491639.832772, 91
1558491639.852621, 91
1558491639.871400, 92
1558491639.890960, 91
1558491639.909351, 91
1558491639.929125, 93
1558491639.947101, 91
1558491639.963237, 92
1558491639.980141, 92
1558491639.996154, 92
1558491640.012136, 92
1558491640.028523, 92
1558491640.045107, 92
1558491640.061603, 91
1558491640.077370, 92
1558491640.093184, 92
1558491640.109003, 92
1558491640.124711, 92
1558491640.140972, 93
1558491640.157394, 93
1558491640.173192, 92
1558491640.188924, 93
1558491640.204831, 92
1558491640.220757, 93
1558491640.237184, 92
1558491640.253009, 92
1558491640.268942, 93
1558491640.285156, 93
1558491640.302235, 93
1558491640.318160, 93
1558491640.334299, 94
1558491640.351060, 92
1558491640.367560, 92
1558491640.383606, 92
1558491640.401622, 91
1558491640.418079, 93
1558491640.434492, 93
1558491640.452316, 93
1558491640.470271, 93
1558491640.493518, 92
1558491640.510954, 92
1558491640.529010, 92
1558491640.546683, 94
1558491640.565125, 93
1558491640.582776, 93
1558491640.600571, 93
1558491640.618659, 94
1558491640.636753, 94
1558491640.654282, 93
1558491640.671978, 93
1558491640.689771, 92
1558491640.707296, 93
1558491640.724884, 94
1558491640.742927, 95
1558491640.760435, 94
1558491640.778586, 94
1558491640.796539, 94
1558491640.817019, 94
1558491640.835353, 94
1558491640.852770, 94
1558491640.870632, 93
1558491640.888545, 94
1558491640.906760, 94
1558491640.925479, 93
1558491640.949137, 95
1558491640.968765, 93
1558491640.987232, 93
1558491641.006694, 95
1558491641.027516, 94
1558491641.049856, 95
1558491641.068442, 94
1558491641.084796, 94
1558491641.101854, 94
1558491641.118441, 94
1558491641.139792, 95
1558491641.156257, 94
1558491641.173263, 94
1558491641.189748, 95
1558491641.210296, 94
1558491641.230752, 95
1558491641.249682, 95
1558491641.267066, 95
1558491641.283583, 95
1558491641.302128, 94
1558491641.318146, 94
1558491641.335168, 94
1558491641.351656, 96
1558491641.368177, 95
1558491641.384434, 96
1558491641.401463, 95
1558491641.418365, 94
1558491641.438817, 96
1558491641.454860, 96
1558491641.472773, 95
1558491641.488921, 94
1558491641.504788, 95
1558491641.521769, 96
1558491641.537722, 97
1558491641.556685, 96
1558491641.572649, 95
1558491641.588705, 95
1558491641.604669, 95
1558491641.621637, 94
1558491641.637133, 95
1558491641.652696, 96
1558491641.668563, 95
1558491641.684595, 95
1558491641.700963, 96
1558491641.717043, 96
1558491641.734507, 95
1558491641.750199, 96
1558491641.766208, 95
1558491641.782411, 95
1558491641.798321, 95
1558491641.814169, 95
1558491641.830755, 95
1558491641.848168, 96
1558491641.864610, 96
1558491641.883561, 96
1558491641.903684, 95
1558491641.920129, 95
1558491641.936671, 96
1558491641.954556, 95
1558491641.970673, 97
1558491641.991278, 96
1558491642.011595, 96
1558491642.030910, 96
1558491642.050610, 97
1558491642.069789, 96
1558491642.089037, 96
1558491642.105538, 96
1558491642.122694, 96
1558491642.138380, 96
1558491642.153757, 97
1558491642.169111, 97
1558491642.184482, 96
1558491642.200534, 97
1558491642.217370, 96
1558491642.233120, 96
1558491642.249405, 97
1558491642.265349, 98
1558491642.280992, 96
1558491642.296651, 96
1558491642.312737, 97
1558491642.328237, 96
1558491642.343724, 96
1558491642.359582, 97
1558491642.375681, 97
1558491642.391220, 96
1558491642.406498, 96
1558491642.422383, 98
1558491642.437851, 97
1558491642.453918, 97
1558491642.469948, 99
1558491642.485848, 97
1558491642.501909, 97
1558491642.518014, 97
1558491642.534057, 98
1558491642.550646, 97
1558491642.567160, 98
1558491642.584135, 97
1558491642.600626, 97
1558491642.616531, 98
1558491642.632881, 97
1558491642.649258, 97
1558491642.665884, 99
1558491642.682046, 97
1558491642.698157, 98
1558491642.714673, 97
1558491642.730991, 97
1558491642.747883, 98
1558491642.764499, 99
1558491642.780682, 97
1558491642.797631, 99
1558491642.814045, 97
1558491642.830121, 97
1558491642.846642, 98
1558491642.863191, 99
1558491642.880669, 97
1558491642.897284, 97
1558491642.913825, 98
1558491642.930444, 97
1558491642.946910, 99
1558491642.965332, 99
1558491642.983538, 98
1558491643.002108, 98
1558491643.020579, 98
1558491643.038310, 98
1558491643.056098, 100
1558491643.074082, 99
1558491643.091641, 98
1558491643.109463, 98
1558491643.127920, 98
1558491643.147351, 99
1558491643.166891, 100
1558491643.186420, 99
1558491643.205623, 97
1558491643.224253, 98
1558491643.242778, 98
1558491643.260958, 98
1558491643.278499, 98
1558491643.296400, 99
1558491643.314680, 98
1558491643.332770, 97
1558491643.351221, 98
1558491643.369100, 98
1558491643.387412, 97
1558491643.405188, 98
1558491643.422809, 98
1558491643.440554, 99
1558491643.456545, 98
1558491643.472332, 99
1558491643.488453, 98
1558491643.504657, 99
1558491643.520627, 98
1558491643.536620, 98
1558491643.552797, 97
1558491643.568874, 99
1558491643.585117, 98
1558491643.601922, 98
1558491643.618521, 98
1558491643.634895, 97
1558491643.651372, 96
1558491643.667748, 90
1558491643.683960, 84
1558491643.700669, 78
1558491643.716982, 71
1558491643.733097, 64
1558491643.749431, 57
1558491643.765759, 51
1558491643.782034, 46
1558491643.798295, 47
1558491643.814632, 46
1558491643.831127, 46
1558491643.847631, 47
1558491643.864160, 48
1558491643.881072, 46
1558491643.897917, 48
1558491643.914035, 47
1558491643.929903, 48
1558491643.946107, 47
1558491643.964158, 48
1558491643.982463, 47
1558491644.000836, 48
1558491644.019189, 47
1558491644.037087, 47
1558491644.055270, 48
1558491644.072970, 48
1558491644.090891, 48
1558491644.108408, 47
1558491644.126716, 48
1558491644.144367, 47
1558491644.162318, 48
1558491644.180647, 48
1558491644.199119, 48
1558491644.216903, 49
1558491644.235029, 49
1558491644.261385, 50
1558491644.280886, 48
1558491644.300249, 49
1558491644.319684, 49
1558491644.338603, 49
1558491644.356878, 48
1558491644.374739, 49
1558491644.392618, 49
1558491644.410392, 49
1558491644.428830, 49
1558491644.446836, 49
1558491644.462807, 49
1558491644.478723, 51
1558491644.495374, 50
1558491644.511460, 49
1558491644.527476, 50
1558491644.543284, 49
1558491644.559559, 50
1558491644.575784, 50
1558491644.591910, 49
1558491644.607912, 50
1558491644.623857, 49
1558491644.639868, 49
1558491644.656261, 50
1558491644.672219, 51
1558491644.688206, 49
1558491644.704361, 50
1558491644.720862, 50
1558491644.736920, 51
1558491644.753889, 50
1558491644.773243, 51
1558491644.790002, 50
1558491644.806720, 50
1558491644.823276, 50
1558491644.839665, 51
1558491644.856124, 49
1558491644.872655, 52
1558491644.889129, 51
1558491644.905592, 50
1558491644.921678, 51
1558491644.939557, 51
1558491644.960534, 51
1558491644.977011, 52
1558491644.993404, 51
1558491645.014028, 51
1558491645.037920, 52
1558491645.054329, 51
1558491645.073307, 53
1558491645.089821, 51
1558491645.105752, 52
1558491645.126803, 51
1558491645.144198, 52
1558491645.161752, 51
1558491645.178218, 53
1558491645.196270, 53
1558491645.216157, 52
1558491645.233067, 52
1558491645.250139, 52
1558491645.269024, 53
1558491645.289557, 53
1558491645.312051, 52
1558491645.328467, 52
1558491645.344495, 52
1558491645.365927, 54
1558491645.390868, 52
1558491645.411936, 53
1558491645.431957, 53
1558491645.451308, 51
1558491645.467264, 53
1558491645.484189, 54
1558491645.500196, 52
1558491645.517169, 54
1558491645.533152, 53
1558491645.550146, 52
1558491645.565856, 53
1558491645.581837, 54
1558491645.597797, 53
1558491645.613905, 53
1558491645.629919, 52
1558491645.645780, 52
1558491645.661330, 53
1558491645.677014, 54
1558491645.692328, 56
1558491645.708160, 53
1558491645.723840, 53
1558491645.739444, 54
1558491645.755064, 53
1558491645.770677, 53
1558491645.786410, 54
1558491645.802570, 54
1558491645.818800, 53
1558491645.834760, 54
1558491645.851642, 55
1558491645.867847, 54
1558491645.883960, 56
1558491645.900821, 55
1558491645.918235, 54
1558491645.937990, 54
1558491645.954209, 55
1558491645.970604, 56
1558491645.986550, 56
1558491646.002704, 54
1558491646.019208, 55
1558491646.035646, 55
1558491646.052043, 54
1558491646.068678, 55
1558491646.085096, 56
1558491646.102228, 57
1558491646.118685, 56
1558491646.135633, 55
1558491646.152249, 56
1558491646.168349, 56
1558491646.184555, 56
1558491646.201016, 56
1558491646.217105, 55
1558491646.233593, 57
1558491646.250049, 56
1558491646.266314, 55
1558491646.282737, 57
1558491646.299102, 57
1558491646.314953, 55
1558491646.330949, 55
1558491646.346679, 56
1558491646.362724, 55
1558491646.378761, 56
1558491646.394712, 57
1558491646.411261, 56
1558491646.427439, 57
1558491646.443603, 56
1558491646.461885, 56
1558491646.481345, 58
1558491646.500638, 58
1558491646.526245, 57
1558491646.544828, 57
1558491646.564276, 58
1558491646.582240, 58
1558491646.599844, 58
1558491646.617884, 57
1558491646.635943, 57
1558491646.654440, 57
1558491646.672281, 57
1558491646.690184, 58
1558491646.707850, 59
1558491646.725819, 58
1558491646.744482, 57
1558491646.762745, 57
1558491646.780688, 59
1558491646.798842, 58
1558491646.816698, 57
1558491646.834991, 58
1558491646.853217, 58
1558491646.871562, 59
1558491646.890636, 60
1558491646.909399, 58
1558491646.929298, 59
1558491646.947275, 59
1558491646.963653, 58
1558491646.979726, 58
1558491646.995504, 58
1558491647.011899, 58
1558491647.027574, 59
1558491647.043628, 59
1558491647.060138, 58
1558491647.076063, 57
1558491647.092118, 60
1558491647.108295, 59
1558491647.124194, 59
1558491647.140388, 58
1558491647.156483, 59
1558491647.173047, 59
1558491647.188804, 59
1558491647.205223, 60
1558491647.222063, 59
1558491647.238134, 59
1558491647.255086, 59
1558491647.272778, 60
1558491647.289157, 59
1558491647.305672, 60
1558491647.321586, 59
1558491647.337700, 59
1558491647.353886, 60
1558491647.370322, 59
1558491647.387073, 59
1558491647.403815, 60
1558491647.420321, 60
1558491647.436593, 61
1558491647.454975, 60
1558491647.473037, 60
1558491647.490944, 62
1558491647.509022, 61
1558491647.526774, 60
1558491647.544878, 60
1558491647.562774, 60
1558491647.581612, 62
1558491647.608190, 61
1558491647.626569, 60
1558491647.646156, 61
1558491647.666187, 60
1558491647.686927, 61
1558491647.705870, 61
1558491647.723579, 61
1558491647.741540, 60
1558491647.759514, 61
1558491647.777728, 61
1558491647.795111, 62
1558491647.813537, 62
1558491647.831467, 61
1558491647.849276, 61
1558491647.867631, 62
1558491647.887257, 61
1558491647.905160, 62
1558491647.923306, 63
1558491647.941226, 61
1558491647.957123, 61
1558491647.973784, 61
1558491647.989756, 62
1558491648.005900, 63
1558491648.021898, 62
1558491648.037852, 62
1558491648.054605, 61
1558491648.071147, 63
1558491648.087434, 63
1558491648.105193, 63
1558491648.121346, 63
1558491648.137667, 63
1558491648.153772, 63
1558491648.170060, 63
1558491648.186691, 63
1558491648.202694, 63
1558491648.218896, 62
1558491648.235286, 62
1558491648.251674, 63
1558491648.268333, 62
1558491648.284634, 63
1558491648.301019, 64
1558491648.317299, 63
1558491648.333691, 62
1558491648.349791, 62
1558491648.366077, 62
1558491648.383256, 63
1558491648.399969, 64
1558491648.416362, 64
1558491648.432958, 63
1558491648.449184, 63
1558491648.467375, 63
1558491648.485442, 62
1558491648.503232, 64
1558491648.521625, 64
1558491648.539525, 64
1558491648.557445, 63
1558491648.576292, 63
1558491648.596241, 64
1558491648.614243, 65
1558491648.634200, 64
1558491648.656679, 64
1558491648.674739, 63
1558491648.694333, 64
1558491648.724068, 66
1558491648.745058, 66
1558491648.767285, 65
1558491648.791159, 66
1558491648.814970, 66
1558491648.836925, 66
1558491648.861385, 65
1558491648.879348, 65
1558491648.901836, 65
1558491648.924894, 65
1558491648.949841, 64
1558491648.968792, 64
1558491648.989845, 64
1558491649.007755, 66
1558491649.028157, 65
1558491649.046174, 65
1558491649.064088, 65
1558491649.082579, 65
1558491649.102545, 67
1558491649.121727, 66
1558491649.144522, 66
1558491649.162488, 66
1558491649.181040, 65
1558491649.198927, 66
1558491649.217949, 67
1558491649.237404, 66
1558491649.259319, 66
1558491649.278295, 65
1558491649.296272, 66
1558491649.314834, 67
1558491649.332744, 66
1558491649.353761, 65
1558491649.372229, 65
1558491649.395628, 67
1558491649.413747, 67
1558491649.432082, 67
1558491649.455765, 66
1558491649.475618, 66
1558491649.494845, 67
1558491649.512667, 67
1558491649.534540, 67
1558491649.553426, 66
1558491649.572078, 66
1558491649.592627, 66
1558491649.611325, 68
1558491649.629487, 67
1558491649.647293, 67
1558491649.665296, 66
1558491649.685095, 65
1558491649.703827, 68
1558491649.722284, 67
1558491649.740276, 68
1558491649.758725, 67
1558491649.776116, 67
1558491649.794379, 66
1558491649.812304, 69
1558491649.831158, 69
1558491649.849733, 68
1558491649.875320, 68
1558491649.894530, 67
1558491649.913002, 69
1558491649.935193, 68
1558491649.953629, 68
1558491649.972416, 68
1558491649.992278, 68
1558491650.011981, 69
1558491650.032927, 68
1558491650.053533, 68
1558491650.073089, 68
1558491650.091504, 68
1558491650.109370, 69
1558491650.129418, 68
1558491650.150044, 70
1558491650.169605, 68
1558491650.189234, 68
1558491650.208707, 69
1558491650.228763, 69
1558491650.249411, 69
1558491650.269469, 69
1558491650.288249, 69
1558491650.306423, 70
1558491650.324495, 69
1558491650.344442, 70
1558491650.361544, 69
1558491650.381291, 68
1558491650.399248, 69
1558491650.419284, 69
1558491650.439569, 70
1558491650.457178, 69
1558491650.472643, 69
1558491650.490340, 70
1558491650.507278, 68
1558491650.524486, 70
1558491650.541335, 70
1558491650.558247, 69
1558491650.574362, 68
1558491650.591352, 68
1558491650.607344, 69
1558491650.625431, 70
1558491650.642394, 70
1558491650.658514, 69
1558491650.674556, 69
1558491650.690314, 69
1558491650.706202, 69
1558491650.724373, 71
1558491650.742295, 70
1558491650.758329, 70
1558491650.776292, 70
1558491650.793285, 70
1558491650.811042, 70
1558491650.827362, 71
1558491650.843265, 70
1558491650.859441, 72
1558491650.876397, 70
1558491650.894370, 69
1558491650.911335, 71
1558491650.927230, 71
1558491650.943255, 70
1558491650.964385, 71
1558491650.986272, 70
1558491651.008288, 70
1558491651.036169, 71
1558491651.055221, 71
1558491651.074234, 70
1558491651.092457, 71
1558491651.110410, 71
1558491651.127751, 71
1558491651.145245, 71
1558491651.164276, 71
1558491651.182248, 71
1558491651.200350, 71
1558491651.218278, 72
1558491651.236295, 72
1558491651.254355, 72
1558491651.272255, 71
1558491651.290161, 70
1558491651.308458, 72
1558491651.326470, 72
1558491651.344316, 72
1558491651.362401, 73
1558491651.380428, 73
1558491651.397402, 70
1558491651.415321, 71
1558491651.433436, 73
1558491651.451316, 72
1558491651.467393, 72
1558491651.483428, 72
1558491651.499344, 70
1558491651.515397, 71
1558491651.531357, 73
1558491651.547326, 72
1558491651.563414, 72
1558491651.579319, 73
1558491651.595411, 71
1558491651.611393, 73
1558491651.627379, 73
1558491651.643270, 73
1558491651.659271, 72
1558491651.675435, 72
1558491651.691347, 73
1558491651.707274, 73
1558491651.723200, 72
1558491651.739502, 72
1558491651.755301, 73
1558491651.771398, 73
1558491651.787294, 73
1558491651.804441, 73
1558491651.821274, 73
1558491651.837341, 73
1558491651.853382, 73
1558491651.869410, 74
1558491651.886502, 74
1558491651.903385, 72
1558491651.921147, 73
1558491651.938397, 75
1558491651.956376, 74
1558491651.974495, 73
1558491651.992420, 74
1558491652.009357, 73
1558491652.028480, 74
1558491652.045688, 75
1558491652.063172, 73
1558491652.081276, 75
1558491652.100166, 73
1558491652.119269, 73
1558491652.138247, 75
1558491652.157242, 74
1558491652.177291, 74
1558491652.195379, 74
1558491652.214136, 74
1558491652.231252, 74
1558491652.249438, 75
1558491652.267329, 74
1558491652.285497, 76
1558491652.303283, 73
1558491652.321264, 74
1558491652.339314, 75
1558491652.358255, 74
1558491652.375252, 75
1558491652.392259, 75
1558491652.410326, 74
1558491652.428219, 74
1558491652.446346, 74
1558491652.463271, 77
1558491652.479321, 75
1558491652.495338, 75
1558491652.511168, 75
1558491652.527198, 74
1558491652.543226, 74
1558491652.560307, 75
1558491652.576176, 75
1558491652.592382, 75
1558491652.610222, 74
1558491652.626164, 74
1558491652.642089, 75
1558491652.658050, 76
1558491652.674242, 76
1558491652.693116, 76
1558491652.710238, 76
1558491652.729066, 75
1558491652.748246, 76
1558491652.766071, 76
1558491652.783028, 76
1558491652.802062, 76
1558491652.821184, 75
1558491652.839139, 76
1558491652.858922, 77
1558491652.876029, 75
1558491652.894249, 77
1558491652.917229, 75
1558491652.940100, 75
1558491652.957652, 76
1558491652.974124, 76
1558491652.992564, 76
1558491653.009663, 77
1558491653.028110, 75
1558491653.043159, 77
1558491653.059154, 77
1558491653.075218, 76
1558491653.091109, 77
1558491653.109065, 78
1558491653.125082, 76
1558491653.141084, 76
1558491653.155999, 77
1558491653.171981, 76
1558491653.191213, 77
1558491653.212417, 77
1558491653.229968, 77
1558491653.251054, 77
1558491653.268982, 78
1558491653.285955, 77
1558491653.303054, 77
1558491653.319048, 77
1558491653.336037, 77
1558491653.352010, 77
1558491653.368365, 78
1558491653.385707, 78
1558491653.400831, 77
1558491653.416070, 77
1558491653.431254, 78
1558491653.446994, 76
1558491653.464098, 78
1558491653.480402, 78
1558491653.495825, 79
1558491653.511663, 78
1558491653.526699, 78
1558491653.543213, 77
1558491653.560353, 77
1558491653.576028, 79
1558491653.591076, 78
1558491653.606415, 78
1558491653.623321, 77
1558491653.639286, 77
1558491653.654844, 78
1558491653.671541, 79
1558491653.687414, 78
1558491653.702558, 79
1558491653.718427, 79
1558491653.734951, 79
1558491653.749980, 77
1558491653.766027, 79
1558491653.782463, 78
1558491653.798276, 78
1558491653.813446, 80
1558491653.829158, 79
1558491653.844465, 78
1558491653.860013, 78
1558491653.875371, 80
1558491653.890530, 79
1558491653.906019, 79
1558491653.922553, 80
1558491653.938562, 79
1558491653.955263, 78
1558491653.973006, 79
1558491653.991613, 78
1558491654.009508, 80
1558491654.030064, 81
1558491654.047975, 80
1558491654.065853, 78
1558491654.083279, 80
1558491654.101034, 80
1558491654.119099, 80
1558491654.137025, 80
1558491654.155561, 80
1558491654.173488, 79
1558491654.191247, 81
1558491654.208620, 80
1558491654.225923, 80
1558491654.243726, 80
1558491654.260970, 79
1558491654.280198, 79
1558491654.299498, 81
1558491654.320671, 80
1558491654.339495, 80
1558491654.358580, 80
1558491654.377960, 79
1558491654.395737, 80
1558491654.413981, 81
1558491654.431686, 81
1558491654.448791, 79
1558491654.465100, 81
1558491654.481004, 80
1558491654.497051, 80
1558491654.512933, 79
1558491654.528956, 81
1558491654.544757, 81
1558491654.560778, 81
1558491654.576780, 82
1558491654.592545, 80
1558491654.609209, 79
1558491654.625606, 81
1558491654.641555, 81
1558491654.657345, 81
1558491654.673421, 82
1558491654.689999, 82
1558491654.706765, 79
1558491654.722733, 82
1558491654.739225, 82
1558491654.756336, 80
1558491654.772506, 82
1558491654.789197, 81
1558491654.805221, 80
1558491654.821448, 80
1558491654.837809, 81
1558491654.854311, 82
1558491654.870358, 82
1558491654.887173, 81
1558491654.904264, 81
1558491654.920823, 81
1558491654.937703, 82
1558491654.955468, 82
1558491654.973772, 82
1558491654.991986, 81
1558491655.009898, 82
1558491655.027709, 82
1558491655.046560, 82
1558491655.064275, 82
1558491655.082016, 82
1558491655.099601, 82
1558491655.117805, 83
1558491655.135942, 82
1558491655.154258, 83
1558491655.172609, 82
1558491655.190567, 82
1558491655.208988, 83
1558491655.226701, 82
1558491655.245044, 82
1558491655.263146, 82
1558491655.280800, 84
1558491655.299336, 84
1558491655.317793, 83
1558491655.337590, 83
1558491655.357051, 83
1558491655.374746, 82
1558491655.395580, 84
1558491655.414478, 83
1558491655.433240, 83
1558491655.453118, 84
1558491655.470666, 83
1558491655.488600, 83
1558491655.505035, 83
1558491655.521125, 82
1558491655.537064, 83
1558491655.552909, 84
1558491655.570482, 84
1558491655.587170, 82
1558491655.603642, 83
1558491655.620090, 84
1558491655.637884, 84
1558491655.654505, 83
1558491655.670748, 85
1558491655.686762, 83
1558491655.703197, 82
1558491655.719156, 84
1558491655.735670, 83
1558491655.752111, 84
1558491655.768118, 84
1558491655.783991, 84
1558491655.800069, 83
1558491655.816149, 85
1558491655.831877, 83
1558491655.847950, 83
1558491655.864495, 82
1558491655.880796, 84
1558491655.899106, 84
1558491655.918615, 85
1558491655.934904, 84
1558491655.952838, 83
1558491655.968646, 83
1558491655.984627, 84
1558491656.000653, 85
1558491656.016431, 83
1558491656.032696, 82
1558491656.048496, 85
1558491656.064537, 84
1558491656.080703, 83
1558491656.096166, 85
1558491656.111901, 85
1558491656.128427, 84
1558491656.144454, 84
1558491656.161000, 86
1558491656.177052, 84
1558491656.193109, 86
1558491656.209000, 85
1558491656.225031, 85
1558491656.241252, 85
1558491656.258279, 84
1558491656.274185, 85
1558491656.290668, 85
1558491656.306714, 86
1558491656.323144, 85
1558491656.339184, 84
1558491656.356244, 86
1558491656.372618, 85
1558491656.389073, 86
1558491656.406675, 85
1558491656.428273, 86
1558491656.450455, 85
1558491656.467112, 85
1558491656.483502, 86
1558491656.505173, 85
1558491656.525226, 87
1558491656.547492, 87
1558491656.570772, 86
1558491656.590166, 87
1558491656.610764, 86
1558491656.627174, 87
1558491656.643754, 87
1558491656.659755, 87
1558491656.676190, 86
1558491656.692736, 86
1558491656.709300, 87
1558491656.726985, 86
1558491656.743440, 87
1558491656.765058, 87
1558491656.781607, 86
1558491656.798120, 87
1558491656.814667, 87
1558491656.831211, 86
1558491656.847652, 87
1558491656.864245, 86
1558491656.883627, 86
1558491656.901795, 86
1558491656.920138, 87
1558491656.939460, 86
1558491656.960887, 87
1558491656.982204, 87
1558491656.998728, 87
1558491657.014765, 88
1558491657.032884, 88
1558491657.049480, 87
1558491657.066023, 88
1558491657.085295, 87
1558491657.102389, 87
1558491657.118417, 88
1558491657.135426, 88
1558491657.152596, 87
1558491657.169636, 87
1558491657.185728, 88
1558491657.202997, 86
1558491657.219449, 86
1558491657.235494, 86
1558491657.251652, 88
1558491657.267655, 87
1558491657.283344, 88
1558491657.299471, 87
1558491657.315370, 88
1558491657.331541, 87
1558491657.347551, 87
1558491657.363532, 87
1558491657.379474, 86
1558491657.395214, 88
1558491657.411316, 88
1558491657.427236, 88
1558491657.443672, 88
1558491657.458700, 89
1558491657.473920, 88
1558491657.489139, 88
1558491657.505237, 89
1558491657.521091, 88
1558491657.536789, 88
1558491657.552053, 88
1558491657.567149, 89
1558491657.582479, 88
1558491657.598023, 87
1558491657.614546, 88
1558491657.630345, 88
1558491657.646750, 88
1558491657.663479, 88
1558491657.678792, 88
1558491657.694185, 88
1558491657.709510, 88
1558491657.724945, 88
1558491657.740986, 87
1558491657.756830, 88
1558491657.772874, 88
1558491657.788669, 89
1558491657.804688, 89
1558491657.820344, 88
1558491657.835431, 90
1558491657.850654, 89
1558491657.866153, 88
1558491657.881469, 88
1558491657.896865, 89
1558491657.912272, 89
1558491657.927692, 88
1558491657.943664, 89
1558491657.961441, 90
1558491657.979463, 89
1558491657.996951, 90
1558491658.014983, 89
1558491658.033200, 89
1558491658.050534, 90
1558491658.069029, 89
1558491658.086908, 89
1558491658.107464, 89
1558491658.125195, 89
1558491658.143721, 89
1558491658.161370, 90
1558491658.178942, 89
1558491658.196479, 89
1558491658.214127, 90
1558491658.232177, 89
1558491658.250501, 88
1558491658.267971, 89
1558491658.285904, 90
1558491658.303585, 90
1558491658.321160, 90
1558491658.339664, 90
1558491658.358086, 90
1558491658.376289, 90
1558491658.395761, 91
1558491658.415035, 90
1558491658.432692, 91
1558491658.451064, 91
1558491658.466914, 91
1558491658.482986, 90
1558491658.499242, 90
1558491658.515502, 91
1558491658.531629, 91
1558491658.548175, 90
1558491658.563938, 91
1558491658.580757, 89
1558491658.596515, 91
1558491658.612359, 90
1558491658.628192, 90
1558491658.644090, 90
1558491658.660221, 90
1558491658.677089, 90
1558491658.694468, 91
1558491658.712542, 90
1558491658.729405, 90
1558491658.746207, 91
1558491658.762691, 90
1558491658.779076, 91
1558491658.795995, 90
1558491658.811671, 91
1558491658.828158, 92
1558491658.844108, 91
1558491658.860289, 91
1558491658.876349, 91
1558491658.893079, 91
1558491658.909204, 91
1558491658.925528, 92
1558491658.941895, 91
1558491658.958444, 91
1558491658.974853, 93
1558491658.991243, 92
1558491659.007600, 92
1558491659.023738, 91
1558491659.039774, 91
1558491659.056025, 92
1558491659.072477, 93
1558491659.088823, 92
1558491659.104955, 92
1558491659.121978, 92
1558491659.138270, 92
1558491659.154177, 91
1558491659.170655, 92
1558491659.186434, 92
1558491659.202372, 93
1558491659.218263, 92
1558491659.234190, 92
1558491659.250096, 93
1558491659.265862, 92
1558491659.282035, 93
1558491659.298498, 91
1558491659.314644, 92
1558491659.330564, 92
1558491659.346466, 91
1558491659.362644, 91
1558491659.378901, 93
1558491659.394719, 92
1558491659.411224, 92
1558491659.427074, 92
1558491659.442930, 92
1558491659.461607, 93
1558491659.478968, 94
1558491659.497088, 92
1558491659.515106, 92
1558491659.533135, 93
1558491659.552001, 92
1558491659.569345, 92
1558491659.587601, 93
1558491659.605968, 92
1558491659.624204, 92
1558491659.643035, 92
1558491659.660702, 93
1558491659.678243, 94
1558491659.695941, 93
1558491659.714533, 93
1558491659.732459, 93
1558491659.750228, 94
1558491659.768729, 94
1558491659.788796, 93
1558491659.809535, 94
1558491659.829251, 93
1558491659.848025, 93
1558491659.867405, 93
1558491659.885463, 95
1558491659.903487, 94
1558491659.921746, 93
1558491659.939511, 94
1558491659.957703, 93
1558491659.973701, 93
1558491659.990043, 94
1558491660.006091, 93
1558491660.022349, 94
1558491660.038474, 94
1558491660.054834, 94
1558491660.071098, 94
1558491660.088664, 95
1558491660.108532, 95
1558491660.129772, 96
1558491660.146187, 96
1558491660.162350, 95
1558491660.178502, 95
1558491660.194652, 97
1558491660.210882, 95
1558491660.227757, 94
1558491660.244555, 94
1558491660.262018, 94
1558491660.278885, 94
1558491660.295760, 96
1558491660.312702, 95
1558491660.329508, 94
1558491660.347934, 95
1558491660.364657, 95
1558491660.380892, 95
1558491660.397636, 96
1558491660.413817, 95
1558491660.430592, 95
1558491660.449761, 94
1558491660.464980, 94
1558491660.484777, 96
1558491660.502591, 95
1558491660.518755, 94
1558491660.533895, 94
1558491660.549583, 95
1558491660.566779, 94
1558491660.582439, 95
1558491660.597708, 96
1558491660.613423, 96
1558491660.632618, 95
1558491660.648285, 94
1558491660.663923, 94
1558491660.679122, 95
1558491660.694793, 96
1558491660.710412, 95
1558491660.726140, 95
1558491660.742788, 96
1558491660.758535, 95
1558491660.776848, 95
1558491660.792455, 96
1558491660.808675, 95
1558491660.824299, 95
1558491660.841537, 96
1558491660.857767, 97
1558491660.877761, 96
1558491660.900053, 97
1558491660.917391, 97
1558491660.935049, 96
1558491660.951981, 95
1558491660.967090, 95
1558491660.981955, 96
1558491660.996924, 97
1558491661.011703, 96
1558491661.026854, 96
1558491661.041702, 96
1558491661.056652, 95
1558491661.071775, 96
1558491661.086940, 95
1558491661.101690, 97
1558491661.116904, 96
1558491661.132011, 96
1558491661.147299, 96
1558491661.162602, 97
1558491661.177488, 97
1558491661.192291, 98
1558491661.207406, 97
1558491661.222831, 97
1558491661.237856, 96
1558491661.252475, 96
1558491661.267753, 96
1558491661.282857, 96
1558491661.297478, 97
1558491661.312647, 96
1558491661.327364, 96
1558491661.342473, 96
1558491661.358003, 97
1558491661.373945, 97
1558491661.389022, 96
1558491661.406733, 98
1558491661.423524, 97
1558491661.438829, 96
1558491661.454132, 98
1558491661.472365, 97
1558491661.490506, 97
1558491661.508898, 99
1558491661.527238, 97
1558491661.545584, 96
1558491661.563828, 97
1558491661.581542, 97
1558491661.603677, 99
1558491661.621866, 97
1558491661.640342, 97
1558491661.658687, 97
1558491661.676922, 97
1558491661.695236, 98
1558491661.713162, 99
1558491661.731475, 97
1558491661.749703, 97
1558491661.767418, 98
1558491661.785271, 98
1558491661.803207, 99
1558491661.820471, 97
1558491661.839112, 99
1558491661.857098, 98
1558491661.875631, 98
1558491661.895374, 100
1558491661.914874, 97
1558491661.936711, 97
1558491661.955268, 98
1558491661.980936, 98
1558491661.998201, 99
1558491662.016471, 99
1558491662.032858, 97
1558491662.049909, 99
1558491662.066115, 98
1558491662.082944, 96
1558491662.098869, 100
1558491662.114728, 99
1558491662.130545, 98
1558491662.146237, 99
1558491662.162418, 97
1558491662.178531, 97
1558491662.194282, 98
1558491662.210252, 100
1558491662.226228, 98
1558491662.242597, 98
1558491662.259065, 97
1558491662.275234, 98
1558491662.291693, 99
1558491662.308338, 98
1558491662.324510, 100
1558491662.340880, 98
1558491662.357627, 98
1558491662.373882, 98
1558491662.390822, 98
1558491662.407441, 99
1558491662.423750, 99
1558491662.440762, 99
1558491662.457658, 98
1558491662.473752, 98
1558491662.490061, 98
1558491662.505822, 99
1558491662.522000, 97
1558491662.537913, 99
1558491662.553917, 98
1558491662.569900, 98
1558491662.586092, 98
1558491662.602007, 99
1558491662.618198, 99
1558491662.633971, 98
1558491662.650738, 98
1558491662.666449, 98
1558491662.682267, 97
1558491662.698488, 97
1558491662.714647, 98
1558491662.730746, 97
1558491662.747486, 97
1558491662.763651, 97
1558491662.780067, 97
1558491662.796272, 96
1558491662.812288, 92
1558491662.829555, 85
1558491662.845755, 78
1558491662.861671, 72
1558491662.878334, 65
1558491662.894640, 58
1558491662.910706, 52
1558491662.927328, 47
1558491662.943668, 47
1558491662.963152, 47
1558491662.981322, 46
1558491662.999278, 46
1558491663.017390, 46
1558491663.035291, 46
1558491663.054177, 46
1558491663.076467, 48
1558491663.096631, 48
1558491663.117221, 47
1558491663.136267, 47
1558491663.157335, 47
1558491663.177815, 48
1558491663.196082, 48
1558491663.214215, 48
1558491663.232471, 48
1558491663.250272, 47
1558491663.267674, 48
1558491663.285637, 48
1558491663.303691, 47
1558491663.321707, 48
1558491663.340015, 49
1558491663.358359, 48
1558491663.376663, 47
1558491663.395088, 49
1558491663.412813, 49
1558491663.430752, 48
1558491663.448420, 48
1558491663.465091, 48
1558491663.480973, 49
1558491663.497141, 48
1558491663.513727, 48
1558491663.529546, 49
1558491663.545581, 49
1558491663.561742, 48
1558491663.578317, 49
1558491663.594530, 49
1558491663.611124, 51
1558491663.627157, 49
1558491663.644097, 49
1558491663.660477, 49
1558491663.676822, 49
1558491663.692876, 50
1558491663.709592, 50
1558491663.725865, 51
1558491663.742724, 50
1558491663.759093, 50
1558491663.775513, 50
1558491663.792175, 50
1558491663.808638, 51
1558491663.825084, 51
1558491663.841927, 51
1558491663.858055, 50
1558491663.875255, 50
1558491663.892770, 49
1558491663.909288, 50
1558491663.925994, 51
1558491663.942159, 51
1558491663.961051, 51
1558491663.980396, 51
1558491664.005635, 51
1558491664.027668, 51
1558491664.049703, 50
1558491664.068262, 50
1558491664.086354, 51
1558491664.109324, 52
1558491664.130784, 51
1558491664.149730, 51
1558491664.169567, 51
1558491664.198658, 50
1558491664.225527, 53
1558491664.247996, 51
1558491664.270074, 51
1558491664.293629, 52
1558491664.312554, 52
1558491664.331347, 52
1558491664.350514, 53
1558491664.369637, 52
1558491664.387717, 52
1558491664.410989, 53
1558491664.435535, 52
1558491664.459140, 53
1558491664.478386, 52
1558491664.496458, 52
1558491664.514486, 53
1558491664.532101, 53
1558491664.556248, 52
1558491664.573857, 52
1558491664.592628, 53
1558491664.612781, 53
1558491664.631315, 53
1558491664.648827, 52
1558491664.666945, 54
1558491664.688136, 53
1558491664.708881, 54
1558491664.728561, 54
1558491664.746531, 53
1558491664.766782, 54
1558491664.788786, 53
1558491664.807339, 53
1558491664.827533, 55
1558491664.846513, 54
1558491664.866236, 54
1558491664.883463, 54
1558491664.900943, 54
1558491664.917990, 53
1558491664.935563, 54
1558491664.955215, 54
1558491664.972088, 53
1558491664.989382, 54
1558491665.006048, 55
1558491665.023320, 55
1558491665.040431, 55
1558491665.057092, 54
1558491665.074078, 54
1558491665.090879, 55
1558491665.107971, 56
1558491665.125105, 56
1558491665.141625, 55
1558491665.158453, 56
1558491665.175554, 55
1558491665.192563, 55
1558491665.209249, 55
1558491665.226319, 56
1558491665.243505, 55
1558491665.260510, 56
1558491665.277290, 56
1558491665.294393, 55
1558491665.312420, 56
1558491665.337475, 55
1558491665.355375, 56
1558491665.374004, 56
1558491665.392718, 56
1558491665.410563, 54
1558491665.427230, 57
1558491665.444224, 56
1558491665.460860, 56
1558491665.477207, 55
1558491665.493916, 56
1558491665.510055, 56
1558491665.526114, 58
1558491665.542081, 58
1558491665.558512, 56
1558491665.575259, 56
1558491665.591519, 56
1558491665.607735, 56
1558491665.623807, 56
1558491665.640034, 57
1558491665.656354, 58
1558491665.672635, 57
1558491665.688494, 56
1558491665.706185, 58
1558491665.722446, 57
1558491665.738847, 58
1558491665.755421, 58
1558491665.771781, 57
1558491665.787847, 56
1558491665.803680, 56
1558491665.819470, 57
1558491665.835206, 57
1558491665.852087, 57
1558491665.868629, 58
1558491665.885549, 57
1558491665.908205, 57
1558491665.925305, 57
1558491665.943405, 58
1558491665.960620, 58
1558491665.976869, 59
1558491665.993245, 58
1558491666.009301, 58
1558491666.025311, 59
1558491666.041420, 59
1558491666.057554, 59
1558491666.074321, 58
1558491666.090856, 59
1558491666.106831, 58
1558491666.123412, 58
1558491666.140053, 60
1558491666.156512, 60
1558491666.172921, 58
1558491666.189189, 59
1558491666.205127, 60
1558491666.221734, 59
1558491666.237747, 61
1558491666.254120, 60
1558491666.269835, 59
1558491666.286138, 58
1558491666.301959, 59
1558491666.317631, 59
1558491666.333909, 59
1558491666.349963, 59
1558491666.365726, 60
1558491666.381672, 58
1558491666.397433, 58
1558491666.413924, 59
1558491666.431229, 59
1558491666.449693, 61
1558491666.469277, 59
1558491666.488390, 59
1558491666.506906, 60
1558491666.524680, 59
1558491666.542600, 60
1558491666.561161, 61
1558491666.579343, 61
1558491666.597562, 59
1558491666.614992, 61
1558491666.632771, 61
1558491666.650544, 61
1558491666.667971, 62
1558491666.685856, 60
1558491666.703641, 60
1558491666.721623, 59
1558491666.739593, 61
1558491666.758162, 61
1558491666.776617, 62
1558491666.794925, 60
1558491666.813381, 59
1558491666.831643, 61
1558491666.849600, 61
1558491666.867857, 60
1558491666.885529, 60
1558491666.903097, 62
1558491666.920957, 61
1558491666.938853, 62
1558491666.957222, 62
1558491666.973789, 62
1558491666.990701, 61
1558491667.006693, 61
1558491667.022792, 61
1558491667.038517, 61
1558491667.054650, 62
1558491667.070728, 62
1558491667.086797, 61
1558491667.102637, 61
1558491667.118270, 61
1558491667.135744, 61
1558491667.152446, 61
1558491667.168375, 61
1558491667.184491, 62
1558491667.200560, 61
1558491667.217090, 63
1558491667.233501, 62
1558491667.249423, 62
1558491667.265412, 63
1558491667.281174, 64
1558491667.297559, 63
1558491667.314893, 61
1558491667.330525, 63
1558491667.346688, 63
1558491667.363151, 63
1558491667.379248, 63
1558491667.396107, 62
1558491667.412286, 62
1558491667.428696, 61
1558491667.444861, 63
1558491667.462957, 64
1558491667.480869, 64
1558491667.498770, 62
1558491667.518523, 62
1558491667.545560, 64
1558491667.564179, 64
1558491667.583277, 64
1558491667.602338, 63
1558491667.622477, 63
1558491667.644335, 64
1558491667.663254, 65
1558491667.681100, 64
1558491667.698626, 62
1558491667.716326, 64
1558491667.736100, 64
1558491667.754511, 64
1558491667.772507, 64
1558491667.790069, 64
1558491667.808655, 63
1558491667.826902, 63
1558491667.845574, 64
1558491667.864247, 64
1558491667.882550, 66
1558491667.900695, 64
1558491667.918138, 65
1558491667.936211, 64
1558491667.954359, 64
1558491667.970271, 65
1558491667.987043, 66
1558491668.003786, 64
1558491668.026239, 64
1558491668.046419, 65
1558491668.068058, 65
1558491668.084595, 65
1558491668.105015, 65
1558491668.125841, 64
1558491668.145002, 64
1558491668.162184, 65
1558491668.179200, 65
1558491668.200877, 65
1558491668.218057, 65
1558491668.239591, 65
1558491668.255857, 67
1558491668.272868, 67
1558491668.289394, 66
1558491668.306043, 65
1558491668.322623, 65
1558491668.342719, 65
1558491668.359832, 67
1558491668.377058, 66
1558491668.396550, 66
1558491668.413812, 65
1558491668.430818, 66
1558491668.447059, 66
1558491668.468091, 66
1558491668.488092, 67
1558491668.507271, 65
1558491668.523324, 66
1558491668.539907, 67
1558491668.559513, 67
1558491668.576644, 67
1558491668.593242, 67
1558491668.610434, 66
1558491668.632084, 66
1558491668.654107, 68
1558491668.674774, 67
1558491668.695155, 68
1558491668.713971, 67
1558491668.730064, 67
1558491668.746232, 66
1558491668.763866, 67
1558491668.782100, 66
1558491668.798106, 68
1558491668.815160, 66
1558491668.831289, 66
1558491668.847556, 65
1558491668.863757, 67
1558491668.880211, 68
1558491668.897315, 68
1558491668.913169, 68
1558491668.929728, 68
1558491668.946309, 66
1558491668.963462, 68
1558491668.980075, 68
1558491668.996640, 68
1558491669.012892, 67
1558491669.029155, 68
1558491669.045427, 67
1558491669.062185, 69
1558491669.079031, 68
1558491669.095165, 68
1558491669.112840, 68
1558491669.129273, 67
1558491669.147135, 68
1558491669.164880, 69
1558491669.181992, 68
1558491669.198098, 68
1558491669.214805, 66
1558491669.230741, 69
1558491669.248818, 68
1558491669.264973, 69
1558491669.282690, 68
1558491669.299327, 69
1558491669.316712, 69
1558491669.335498, 69
1558491669.351781, 69
1558491669.368531, 70
1558491669.385847, 68
1558491669.402365, 69
1558491669.418189, 68
1558491669.434487, 69
1558491669.452270, 68
1558491669.471095, 71
1558491669.489040, 70
1558491669.509250, 69
1558491669.527393, 68
1558491669.545689, 68
1558491669.564634, 69
1558491669.582507, 70
1558491669.600557, 70
1558491669.618752, 69
1558491669.637993, 69
1558491669.657583, 70
1558491669.677764, 70
1558491669.697195, 70
1558491669.719171, 69
1558491669.745038, 69
1558491669.768653, 70
1558491669.789747, 70
1558491669.810731, 71
1558491669.831147, 70
1558491669.850985, 70
1558491669.870903, 71
1558491669.888824, 70
1558491669.906453, 71
1558491669.926564, 70
1558491669.946519, 71
1558491669.963965, 70
1558491669.979639, 71
1558491669.996171, 71
1558491670.012949, 71
1558491670.029874, 70
1558491670.046888, 69
1558491670.062946, 70
1558491670.079112, 71
1558491670.094661, 70
1558491670.110275, 72
1558491670.127632, 70
1558491670.144471, 71
1558491670.160508, 70
1558491670.177256, 71
1558491670.194412, 73
1558491670.210180, 72
1558491670.225447, 71
1558491670.240552, 70
1558491670.255779, 70
1558491670.270843, 71
1558491670.286905, 71
1558491670.303103, 72
1558491670.319222, 72
1558491670.334661, 71
1558491670.349861, 71
1558491670.365499, 71
1558491670.381115, 71
1558491670.397789, 73
1558491670.412986, 72
1558491670.428401, 71
1558491670.444067, 72
1558491670.463331, 72
1558491670.483755, 72
1558491670.501961, 72
1558491670.519341, 73
1558491670.537420, 71
1558491670.556066, 71
1558491670.576078, 73
1558491670.594334, 72
1558491670.613693, 72
1558491670.632363, 72
1558491670.652829, 72
1558491670.673445, 73
1558491670.691872, 72
1558491670.712312, 73
1558491670.730961, 73
1558491670.749082, 71
1558491670.767019, 73
1558491670.784935, 73
1558491670.803775, 73
1558491670.823296, 73
1558491670.844717, 71
1558491670.868960, 73
1558491670.890482, 74
1558491670.914596, 74
1558491670.936329, 72
1558491670.957538, 74
1558491670.972590, 74
1558491670.988016, 74
1558491671.003172, 73
1558491671.018924, 73
1558491671.033954, 73
1558491671.049050, 73
1558491671.064485, 74
1558491671.080339, 74
1558491671.095737, 74
1558491671.111385, 74
1558491671.126676, 74
1558491671.142257, 74
1558491671.159098, 74
1558491671.176310, 74
1558491671.193164, 73
1558491671.208968, 74
1558491671.224055, 74
1558491671.239414, 74
1558491671.254403, 73
1558491671.271069, 73
1558491671.286130, 75
1558491671.301729, 74
1558491671.316965, 74
1558491671.332373, 76
1558491671.347640, 74
1558491671.363813, 73
1558491671.379111, 74
1558491671.394970, 75
1558491671.411588, 74
1558491671.428239, 75
1558491671.443941, 75
1558491671.459813, 74
1558491671.478590, 76
1558491671.499460, 75
1558491671.517248, 75
1558491671.534881, 75
1558491671.552566, 75
1558491671.570583, 74
1558491671.589193, 75
1558491671.606886, 75
1558491671.624795, 76
1558491671.642555, 75
1558491671.661303, 75
1558491671.679598, 76
1558491671.697838, 75
1558491671.715348, 76
1558491671.733335, 76
1558491671.751212, 74
1558491671.771476, 76
1558491671.789123, 76
1558491671.806368, 76
1558491671.826355, 76
1558491671.845947, 76
1558491671.866046, 75
1558491671.884132, 76
1558491671.904909, 76
1558491671.929477, 76
1558491671.948592, 76
1558491671.968764, 75
1558491671.985832, 76
1558491672.008895, 76
1558491672.028104, 76
1558491672.048161, 78
1558491672.064971, 76
1558491672.085048, 76
1558491672.101141, 77
1558491672.119132, 77
1558491672.134732, 76
1558491672.150297, 77
1558491672.165941, 76
1558491672.181462, 75
1558491672.197064, 78
1558491672.213239, 77
1558491672.229758, 77
1558491672.245977, 78
1558491672.263000, 76
1558491672.279074, 75
1558491672.296683, 77
1558491672.312878, 77
1558491672.330912, 77
1558491672.349540, 77
1558491672.365630, 76
1558491672.381169, 77
1558491672.398344, 77
1558491672.413866, 78
1558491672.432518, 77
1558491672.448211, 77
1558491672.464707, 77
1558491672.479810, 77
1558491672.495445, 78
1558491672.510965, 77
1558491672.527078, 78
1558491672.542203, 78
1558491672.559038, 77
1558491672.573653, 76
1558491672.588420, 77
1558491672.603302, 78
1558491672.618204, 78
1558491672.632924, 78
1558491672.647876, 78
1558491672.662816, 77
1558491672.677764, 77
1558491672.693436, 77
1558491672.708361, 78
1558491672.723533, 78
1558491672.738573, 79
1558491672.753815, 78
1558491672.768747, 78
1558491672.783682, 78
1558491672.798773, 78
1558491672.813645, 79
1558491672.829102, 78
1558491672.844140, 78
1558491672.859323, 79
1558491672.874418, 79
1558491672.889205, 77
1558491672.904341, 78
1558491672.919529, 79
1558491672.934335, 79
1558491672.949693, 78
1558491672.966407, 78
1558491672.982276, 79
1558491672.998324, 78
1558491673.015203, 80
1558491673.031611, 79
1558491673.048430, 80
1558491673.066009, 79
1558491673.083082, 80
1558491673.100865, 79
1558491673.118251, 79
1558491673.135713, 80
1558491673.152348, 79
1558491673.168535, 79
1558491673.184712, 80
1558491673.201056, 78
1558491673.217249, 77
1558491673.233188, 81
1558491673.249224, 80
1558491673.265598, 79
1558491673.281830, 80
1558491673.298019, 80
1558491673.314133, 79
1558491673.330720, 79
1558491673.347598, 80
1558491673.363508, 80
1558491673.379505, 80
1558491673.395609, 80
1558491673.412707, 78
1558491673.428662, 78
1558491673.444562, 80
1558491673.461746, 80
1558491673.479508, 80
1558491673.497670, 80
1558491673.516642, 79
1558491673.534593, 78
1558491673.552672, 80
1558491673.570631, 80
1558491673.587715, 81
1558491673.604842, 82
1558491673.621780, 81
1558491673.639647, 80
1558491673.657377, 81
1558491673.678580, 80
1558491673.696665, 81
1558491673.713741, 82
1558491673.731595, 80
1558491673.749393, 78
1558491673.767619, 79
1558491673.787590, 82
1558491673.805432, 81
1558491673.822540, 80
1558491673.839711, 81
1558491673.857634, 80
1558491673.874681, 81
1558491673.893627, 81
1558491673.911446, 79
1558491673.929688, 82
1558491673.950362, 79
1558491673.968516, 79
1558491673.986539, 80
1558491674.003667, 83
1558491674.021571, 82
1558491674.038711, 83
1558491674.056386, 81
1558491674.073499, 81
1558491674.090493, 82
1558491674.108379, 82
1558491674.126459, 82
1558491674.144413, 81
1558491674.164627, 81
1558491674.184668, 82
1558491674.205510, 82
1558491674.224409, 82
1558491674.245243, 83
1558491674.264346, 82
1558491674.282439, 81
1558491674.300846, 81
1558491674.318552, 83
1558491674.335704, 83
1558491674.352909, 82
1558491674.370069, 82
1558491674.387671, 83
1558491674.405219, 83
1558491674.422674, 84
1558491674.440838, 84
1558491674.459815, 83
1558491674.475508, 83
1558491674.491695, 83
1558491674.507815, 82
1558491674.523613, 82
1558491674.539260, 83
1558491674.555306, 82
1558491674.571069, 83
1558491674.587361, 83
1558491674.603104, 83
1558491674.619068, 82
1558491674.634898, 84
1558491674.651153, 83
1558491674.666769, 83
1558491674.683009, 83
1558491674.699009, 84
1558491674.715293, 84
1558491674.731498, 83
1558491674.747842, 84
1558491674.764114, 83
1558491674.780383, 82
1558491674.797241, 83
1558491674.814096, 84
1558491674.831017, 84
1558491674.847800, 84
1558491674.864711, 84
1558491674.880974, 85
1558491674.897894, 84
1558491674.914176, 84
1558491674.930428, 84
1558491674.946683, 83
1558491674.964626, 84
1558491674.982773, 85
1558491675.000435, 84
1558491675.017829, 85
1558491675.035370, 84
1558491675.052930, 84
1558491675.070552, 84
15